0
0
2047
2047
2047
0
1725
0
0
2047
855
2047
1741
0
0
1431
0
0
0
750
2047
2047
2047
0
862
2047
2047
0
0
0
0
0
0
1526
0
0
2047
0
0
111
2047
1469
2047
1505
1735
0
1011
0
0
0
2047
2047
2047
0
154
0
0
2047
2047
2047
0
0
0
0
0
0
0
927
2047
2047
2047
0
2047
2047
2047
0
0
0
0
0
0
1815
0
0
2047
0
-4
0
2047
2047
2047
2047
2047
0
2047
0
0
0
2047
2047
2047
0
-5
0
0
2047
2047
2047
0
0
0
0
0
0
0
415
2047
2047
2047
0
2047
1949
2047
0
0
0
0
0
0
1832
0
0
2047
0
0
-15
2047
1882
2047
2047
2047
0
2010
0
0
0
1090
2047
2047
0
451
0
0
1552
2047
2047
0
0
0
-17
0
0
0
-16
834
1657
2047
0
2047
570
1877
0
-10
0
0
0
0
2047
0
-1
2047
0
0
54
2047
1605
2047
2047
1475
0
1785
0
0
0
1180
2047
2047
0
524
0
0
2047
2047
2047
641
0
0
0
0
0
0
0
2047
2047
2047
0
1302
2047
2047
0
0
-1
0
0
0
0
0
0
2047
1465
0
477
2047
967
2047
0
2047
0
340
0
0
0
680
2047
2047
0
0
0
0
2047
2047
2047
0
0
0
0
0
0
0
0
550
2047
2047
0
2047
2047
2047
0
391
433
-3
0
0
0
0
0
2047
2047
-14
0
2047
1257
2047
1093
2047
0
2047
0
0
0
-16
2047
2047
0
0
0
0
2047
2047
2047
0
0
0
0
0
0
0
0
332
2047
2047
0
2047
2047
2047
0
128
487
-3
0
0
0
0
0
2047
1812
0
118
2047
699
2047
997
2047
0
2047
0
0
0
0
2047
2047
0
230
0
0
2047
2047
1841
0
0
0
0
0
0
0
0
0
1865
2047
0
2047
304
1363
0
0
151
0
0
0
941
0
0
2047
32
0
-17
2047
881
2047
2047
1772
0
2047
0
0
0
105
2047
2047
0
518
0
0
2047
2047
1628
-1
0
0
-4
0
0
0
0
2015
2047
2047
0
1255
2047
2047
0
0
266
0
0
0
0
-1
0
2047
842
0
991
2047
281
2047
0
363
0
64
0
0
0
0
2047
2047
0
0
0
0
2047
2047
1730
0
0
0
0
0
0
0
0
111
2047
2047
0
2047
2047
2047
0
-17
538
-3
0
0
0
0
0
2047
1450
0
710
2047
151
2047
906
1411
0
1975
0
0
0
0
2047
2047
0
0
0
0
2047
2047
1387
0
0
0
0
0
300
0
0
-17
2047
2047
0
2047
2047
1727
0
-1
591
-2
0
0
0
0
0
2047
1073
0
1312
2047
-1
2047
811
178
0
1743
0
0
0
0
2047
1768
0
0
0
0
1247
1767
778
0
0
0
448
0
979
0
0
0
1212
1792
0
2047
425
413
0
0
124
0
0
0
949
0
0
2047
-11
0
1048
2047
293
2047
2047
-15
0
2047
0
0
0
0
2047
2047
0
757
0
0
2047
2047
1932
0
0
0
67
0
858
0
0
1663
1842
621
0
2047
1947
922
0
0
1204
0
0
0
388
-2
-1
1880
-7
0
512
2047
658
2047
0
945
0
13
0
0
0
0
2047
2047
0
-1
0
0
2047
2047
1698
0
0
0
0
0
985
0
0
-16
2047
-8
0
2047
1669
902
0
-3
1666
0
0
0
30
0
0
2047
198
0
700
2047
369
2047
171
2046
0
1503
0
0
0
-1
2047
1726
0
0
0
0
2047
2047
975
0
0
0
-7
0
2047
0
0
0
2047
0
0
2047
1433
173
0
-2
1829
0
0
0
519
0
0
1424
0
0
948
2047
100
2047
122
1457
0
1538
0
0
0
-1
2047
863
0
0
0
0
890
797
28
0
0
0
558
0
2047
-2
-7
0
1365
0
0
2047
525
-1
0
0
1310
0
0
0
949
-7
0
45
0
0
937
2047
621
2040
959
596
0
1951
8
