-2048
-2048
2047
2047
2047
-2048
1600
-2048
-697
2047
793
2047
1615
-2048
-2048
1327
-2048
-2048
-549
696
2047
2047
2047
-2048
800
2047
2047
-2048
-2048
-1330
-2048
-2048
-1779
1416
-2048
-2048
2047
-1233
-1017
116
2047
1363
1904
1396
1609
-2048
938
-2048
-2048
-2048
2047
2047
2047
-1340
153
-2048
-701
2047
2047
2047
-658
-1494
-2048
-1174
-2048
-2048
-2048
860
2047
2047
2047
-2048
2047
1967
2047
-2048
-639
-746
-1458
-2048
-1669
1684
-2048
-1721
2047
-773
-232
-543
2047
2047
2047
2047
2047
-2048
2047
-2048
-2048
-2048
2047
2047
2047
-1382
-10
-2048
-962
2047
2047
2047
-844
-1619
-2048
-770
-2048
-2048
-2048
385
2047
2047
2047
-2048
2047
1808
2047
-2048
-674
-660
-1346
-2048
-1724
1699
-2048
-1453
2047
-714
-469
-114
2047
1746
2047
2047
1964
-2048
1865
-2048
-2048
-2048
1011
2047
2047
-1317
419
-2048
-1228
1440
2047
2001
-2048
-2048
-2048
-85
-2048
-2048
-1472
-49
774
1537
2047
-2048
2047
529
1741
-2048
-22
-385
-731
-2048
-1344
2047
-2048
-365
2047
-1211
-1375
66
2047
1489
2047
2047
1368
-2048
1656
-1538
-2048
-2048
1095
2047
2047
-2017
486
-2048
-1342
2047
2047
2047
595
-2048
-2048
-730
-2048
-2048
-1490
-447
2047
2047
2047
-2048
1208
2047
2047
-2048
-1253
-349
-1601
-2048
-1858
-1739
-451
-2048
2047
1359
-840
443
2047
897
2047
-815
1933
-2048
317
-2048
-2048
-2048
631
2047
2047
-983
-438
-2048
-1723
2047
2047
2047
-2048
-1456
-1780
-2048
-2048
-2048
-2048
-1385
510
2047
2047
-2048
2047
2047
2047
-2048
363
402
-249
-1878
-1632
-1954
-1041
-1142
2047
2031
-122
-436
2047
1166
2047
1014
2047
-2048
2047
-2048
-1935
-2048
-54
2047
2047
-1038
-561
-2048
-1989
2047
2047
1910
-2048
-1709
-1873
-2031
-2048
-2048
-2048
-1575
309
2047
2047
-2048
2047
2047
2047
-2048
131
452
-259
-1709
-1674
-1459
-980
-917
2047
1681
-464
122
2047
648
2047
925
2047
-2048
2039
-2048
-1770
-2048
-438
2047
2047
-1360
218
-2048
-2024
2047
2047
1708
-2048
-2048
-1961
-424
-2048
-879
-1585
-1198
-700
1730
2047
-2048
2047
284
1264
-2048
-483
150
-2048
-1745
-1092
873
-1077
-2048
2047
43
-1521
-70
2047
817
2047
2047
1644
-2048
2047
-1197
-1312
-2048
111
2047
2047
-1908
481
-2048
-1619
2047
2047
1510
-331
-2048
-2048
-245
-2048
-523
-1200
-780
1869
2047
2047
-2048
1164
2047
2047
-2048
-895
250
-913
-1944
-1991
-832
-381
-923
2047
781
-986
919
2047
263
2047
-697
338
-2048
75
-2048
-1240
-2048
-712
2047
2047
-1091
-678
-2048
-2048
2047
2047
1605
-2048
-1952
-1963
-1418
-2048
-1058
-2048
-1757
116
2047
2047
-2048
2047
2047
2047
-2048
-92
499
-269
-1547
-1714
-983
-921
-701
2047
1345
-792
659
2047
150
2047
840
1309
-2048
1832
-2048
-518
-2048
-1397
2047
2047
-1147
-801
-2048
-2048
2047
2047
1287
-2048
-2048
-2048
-780
-2048
280
-2048
-1946
-84
2047
2047
-2048
2047
1975
1602
-2048
-324
548
-280
-1378
-1755
-487
-860
-476
2047
995
-1134
1217
2047
-368
2047
752
173
-2048
1617
-2048
-696
-2048
-1176
2047
1640
-1550
-619
-2048
-2048
1157
1639
722
-2048
-2048
-1931
416
-2048
908
-936
-1275
-920
1124
1662
-1877
2047
395
384
-2048
-1543
127
-2048
-1128
-1094
880
-673
-2048
2047
-152
-1966
972
2047
274
2047
2047
-113
-2048
2020
-885
-2048
-2048
-425
2047
1914
-1642
702
-2048
-1324
2047
2047
1792
-819
-1893
-2048
78
-2048
796
-729
-918
1543
1709
576
-2048
1923
1806
855
-1360
-769
1117
-754
-1521
-1820
361
-290
-319
1744
-191
-1207
475
2047
610
2047
-585
877
-2048
21
-2048
-2048
-2048
-538
2047
2047
-1207
-375
-2048
-1865
2047
2047
1575
-1691
-1601
-1744
-527
-2048
914
-1244
-1115
-100
2047
-178
-1484
2047
1548
837
-2048
-262
1545
-931
-995
-1736
41
-513
-690
2047
190
-1190
649
2047
343
2047
167
1898
-2048
1394
-2048
-2048
-2048
-365
2047
1601
-1307
-426
-2048
-1993
2047
2047
904
-1804
-1599
-1785
-196
-2048
1952
-886
-650
-392
2000
-662
-1020
2047
1329
169
-1821
-301
1697
-952
-728
-1828
482
-549
-429
1321
-451
-1359
879
2047
107
2047
126
1352
-2048
1427
-1731
-2048
-2048
-332
2047
801
-1667
-866
-2048
-2041
826
739
39
-1555
-2000
-1576
518
-1926
2047
-301
-187
-671
1266
-598
-779
2047
487
-342
-423
-1311
1215
-2048
-384
-1268
880
-187
-2048
57
-1056
-1600
869
2047
576
1892
890
553
-2048
1810
13
