251
-284
533
-712
658
-248
155
244
214
825
233
69
-751
192
11
-148
-56
-86
295
563
-780
11
227
485
266
857
-1
1019
41
990
-758
-1702
-197
213
-102
-491
-504
-356
-47
-151
996
-763
-298
138
1234
-1206
-159
-1057
239
284
-171
-14
509
-685
162
-508
-49
734
138
-957
17
105
15
-28
-709
-436
-118
483
-61
650
-466
367
443
1735
100
41
-1841
224
265
-1864
419
142
-546
-243
-276
-183
-744
129
416
226
38
-457
788
-653
-760
-1026
461
-126
57
-252
602
-557
501
-168
482
1040
358
-175
-652
350
213
-167
-327
-493
226
415
-285
316
709
653
78
1068
21
549
-1875
-254
275
-2032
20
840
59
-355
-301
-760
-218
-437
574
810
-57
15
1668
-699
-361
-1704
391
-352
511
-588
560
-107
530
573
902
1324
505
399
-896
659
182
-538
63
-141
456
727
-878
-169
1279
865
-62
347
-560
1377
-581
200
-243
-1483
-505
946
749
-456
-811
-912
580
-746
1261
582
-183
427
1757
-789
152
-2048
-1324
853
-446
118
-488
-1252
-561
-777
-916
-272
-586
-1653
597
-123
48
920
-521
-184
-734
-103
266
334
-659
-512
895
1944
549
-340
-525
131
742
-1046
1415
-594
-1149
-84
-75
837
-635
399
-197
-1641
493
-647
-279
-632
-745
983
-1093
1478
-1068
926
-447
-1977
-766
-1953
-1373
-387
-760
-2048
2047
-357
-91
1568
-1761
-659
-1274
-322
1525
1301
-1856
-874
1027
2047
976
-2048
-2048
-1425
2047
-1378
1991
-1068
-2048
117
47
801
-1496
317
-983
-576
714
-1562
-353
277
-1735
1424
-307
1065
-643
545
-3
-1915
-682
-1454
-748
103
-399
-1897
1520
-53
-211
1048
-1448
-582
-358
-371
1299
1073
-657
-103
689
2047
594
-1227
-2048
-1890
2047
-1443
1545
-281
-1600
41
-483
16
-911
-365
-648
350
623
-1072
242
29
-1431
900
648
-571
259
-860
693
51
-24
105
507
842
330
700
-636
583
-112
-441
-191
-188
660
256
-222
-62
1562
796
77
1
299
1068
-1070
-386
964
-1338
83
76
5
-306
-1455
-1080
699
-1139
1021
-103
-112
-213
867
-1322
-159
-665
-1592
1262
-334
756
-1225
-1368
-712
-1365
-1025
-307
-837
-1260
885
-11
-317
968
-459
-11
-1116
-211
-131
492
-1279
-420
856
2047
603
-776
136
296
396
-703
911
-1633
-210
15
-188
1304
-655
587
-387
-1403
575
-1389
-1470
-256
-697
1158
-1729
1734
-671
2020
-1356
-2006
-792
-2048
-1216
-210
-1214
-2048
2047
-110
-325
1486
-1441
-379
-1795
-660
894
1129
-2048
-685
978
2047
914
-2048
-2048
-1331
1963
-764
1548
-1587
-432
293
-102
1400
-1048
380
-1186
-621
655
-2048
-816
697
-1352
1549
-1016
1300
-436
1688
-743
-1972
-664
-1712
-712
131
-890
-1945
1656
144
-219
1057
-1170
-310
-933
-672
1197
1017
-1565
-151
608
2047
577
-1765
-2048
-1879
2047
-1004
1133
-1078
-195
79
-193
917
-771
-93
-1111
487
544
-1318
-122
579
-1167
794
750
227
286
293
407
-365
-317
-170
514
743
-10
121
369
637
-191
-50
-684
-362
403
152
407
367
-71
744
124
787
127
217
-2048
-733
1044
-1466
431
-128
17
-364
-1041
-290
151
-688
574
922
-86
-60
941
-451
-411
-686
-1004
-5
741
71
-387
132
-128
287
252
312
106
-240
-855
774
744
53
384
96
-314
226
-1085
-454
778
212
175
391
-515
975
388
-246
-213
-335
31
1861
929
-477
-842
180
587
-269
596
-1268
56
82
1864
-582
199
-546
-457
-405
1085
-524
-131
849
-116
249
599
800
50
-153
-909
1139
495
345
365
272
362
24
-1242
-504
1088
355
-60
540
135
877
268
86
-718
-848
-751
1940
1224
-709
-1445
-65
1013
-846
629
-1967
-168
-239
2047
-723
302
-964
-160
-679
1218
-751
604
185
-53
650
955
1330
410
153
-1235
1319
427
-539
308
248
795
294
-1135
-497
1282
567
-161
50
-141
972
-397
-652
-194
-837
-1100
2047
985
-874
-1288
-630
1195
-1352
993
-1214
-334
307
2047
-957
310
-1426
1185
-1075
1106
-927
916
1671
26
810
1167
1137
736
1504
-1132
1049
668
-710
389
303
1202
680
-1263
-542
1422
956
-116
-863
-313
1652
157
460
-560
-828
-818
1693
686
-781
-2048
-620
1285
-1092
1631
-996
-490
122
2047
-1776
376
-1149
