942
-1044
1606
-1818
1767
-932
610
919
819
1898
883
278
-1849
743
45
-584
-226
-345
1077
1650
-1870
45
863
1525
989
1915
-4
1977
166
1969
-1854
-2043
-761
816
-408
-1536
-1558
-1244
-190
-595
1970
-1858
-1085
546
2018
-2014
-624
-1987
903
1044
-668
-57
1567
-1793
635
-1565
-198
1836
546
-1958
69
420
61
-113
-1815
-1430
-470
1521
-246
1758
-1489
1272
1444
2044
400
166
-2045
853
986
-2046
1393
561
-1626
-916
-1020
-711
-1844
512
1387
860
154
-1472
1875
-1761
-1856
-1979
1480
-501
230
-945
1703
-1642
1553
-657
1519
1983
1249
-683
-1760
1229
816
-654
-1167
-1539
860
1385
-1047
1137
1815
1761
314
1989
85
1630
-2046
-951
1017
-2047
81
1906
238
-1242
-1094
-1856
-833
-1432
1666
1889
-230
61
2043
-1806
-1257
-2043
1330
-1234
1570
-1685
1646
-428
1601
1664
1936
2027
1560
1349
-1934
1768
708
-1613
254
-557
1470
1830
-1925
-661
2023
1919
-250
1221
-1646
2031
-1675
771
-916
-2037
-1560
1954
1848
-1470
-1890
-1941
1674
-1845
2021
1677
-711
1411
2044
-1876
599
-2047
-2027
1913
-1450
470
-1530
-2020
-1648
-1868
-1942
-1008
-1682
-2042
1696
-489
194
1944
-1586
-715
-1836
-412
989
1186
-1768
-1572
1933
2046
1630
-1203
-1593
520
1842
-1984
2033
-1692
-2005
-338
-302
1905
-1742
1349
-761
-2042
1539
-1755
-1029
-1738
-1845
1966
-1995
2037
-1989
1946
-1452
-2047
-1860
-2046
-2030
-1321
-1856
-2047
2047
-1247
-365
2040
-2044
-1768
-2022
-1154
2038
2025
-2046
-1924
1979
2047
1964
-2047
-2047
-2034
2047
-2031
2047
-1989
-2047
466
190
1883
-2037
1140
-1966
-1668
1819
-2040
-1237
1023
-2044
2034
-1111
1989
-1751
1624
-12
-2046
-1790
-2035
-1847
412
-1349
-2046
2038
-214
-809
1985
-2035
-1677
-1249
-1282
2024
1991
-1766
-412
1797
2047
1692
-2017
-2047
-2046
2047
-2035
2039
-1035
-2041
166
-1521
65
-1940
-1267
-1756
1229
1728
-1990
913
117
-2034
1935
1756
-1662
967
-1917
1801
206
-97
420
1563
1907
1176
1807
-1743
1678
-447
-1440
-740
-729
1769
958
-847
-250
2040
1880
310
4
1088
1989
-1990
-1318
1960
-2028
334
306
20
-1109
-2035
-1992
1806
-2004
1978
-412
-447
-816
1920
-2027
-624
-1774
-2041
2021
-1186
1853
-2016
-2030
-1818
-2030
-1979
-1111
-1905
-2021
1929
-45
-1140
1961
-1476
-45
-2000
-809
-520
1537
-2023
-1396
1915
2047
1704
-1867
539
1080
1342
-1810
1940
-2042
-806
61
-729
2025
-1763
1683
-1321
-2032
1667
-2032
-2036
-958
-1804
2007
-2044
2044
-1780
2047
-2029
-2047
-1878
-2047
-2015
-806
-2015
-2047
2047
-439
-1162
2037
-2035
-1301
-2045
-1769
1933
2002
-2047
-1793
1965
2047
1941
-2047
-2047
-2027
2047
-1859
2039
-2041
-1421
1071
-408
2032
-1985
1304
-2011
-1726
1763
-2047
-1893
1804
-2029
2039
-1976
2025
-1430
2043
-1843
-2047
-1773
-2044
-1818
520
-1931
-2046
2042
569
-836
1987
-2009
-1120
-1949
-1781
2013
1977
-2040
-595
1710
2047
1670
-2044
-2047
-2046
2047
-1973
2003
-1992
-754
318
-747
1943
-1864
-373
-1999
1528
1623
-2026
-485
1673
-2008
1879
1848
863
1050
1071
1367
-1267
-1140
-665
1575
1843
-41
482
1277
1744
-740
-202
-1792
-1260
1358
599
1367
1272
-286
1844
493
1874
504
830
-2047
-1835
1984
-2036
1419
-508
69
-1265
-1983
-1062
595
-1796
1666
1945
-345
-242
1952
-1460
-1376
-1794
-1973
-20
1841
286
-1321
523
-508
1053
945
1126
424
-906
-1914
1866
1844
214
1314
385
-1131
860
-1993
-1466
1868
813
683
1330
-1577
1964
1323
-926
-816
-1189
126
2046
1947
-1510
-1907
701
1683
-998
1695
-2021
226
330
2046
-1677
768
-1626
-1472
-1362
1993
-1591
-520
1911
-462
935
1699
1883
202
-602
-1939
2004
1543
1216
1267
1008
1260
97
-2019
-1558
1994
1242
-242
1616
535
1925
995
345
-1823
-1910
-1849
2046
2016
-1815
-2035
-262
1975
-1909
1735
-2047
-657
-903
2047
-1827
1097
-1960
-628
-1788
2016
-1849
1705
718
-214
1758
1957
2027
1374
602
-2018
2026
1411
-1615
1114
932
1880
1074
-2003
-1546
2023
1656
-632
202
-557
1963
-1344
-1760
-750
-1905
-1996
2047
1967
-1924
-2023
-1736
2012
-2029
1970
-2015
-1186
1111
2047
-1958
1120
-2034
2011
-1991
1998
-1947
1942
2043
105
1889
2008
2003
1838
2038
-2002
1985
1777
-1816
1325
1100
2013
1789
-2021
-1619
2034
1957
-462
-1918
-1129
2042
617
1478
-1646
-1900
-1894
2043
1794
-1870
-2047
-1724
2023
-1995
2042
-1970
-1534
485
2047
-2045
1294
-2005
