181
1442
-73
1083
1409
-3
758
-85
-82
1738
-67
-37
897
-75
0
118
-10
-10
-4
1371
410
-82
346
-81
1695
-60
631
429
-29
-38
93
-7
1513
-1
-87
-45
405
12
-3
-77
-42
-32
529
1801
445
-1
-89
-88
-40
1367
-1
1345
-21
-76
-63
215
-4
-22
276
-87
1201
41
-87
142
37
-27
-54
114
-65
-63
-88
-80
-88
-76
1562
417
-12
1459
1068
-1
834
0
-79
-5
1104
-2
-73
1382
-64
-66
-88
-2
785
-81
-34
-6
-85
725
-4
1451
-31
-80
-81
-88
-11
-83
151
292
-26
-44
-20
-88
-11
-14
-16
-85
787
-42
-59
-74
816
-27
983
-61
-72
-54
46
-2
527
-1
-46
-5
-9
51
-75
-41
-71
51
-87
696
178
-49
-3
-75
123
1227
-75
853
-39
-79
714
-69
-61
-48
373
-80
18
-60
-68
52
350
264
-5
613
689
-5
-66
42
-80
598
334
1393
-71
-52
-86
-4
536
-87
-88
-71
359
316
-23
-80
-85
-57
479
-52
510
117
-46
-66
590
849
-10
-56
3
-6
-31
1181
-78
-78
0
-84
-46
39
-4
2047
-17
357
185
44
-61
-30
-85
175
-70
69
1040
1100
-2
-78
1611
-5
1677
-6
0
-73
1776
-3
0
1863
-1
0
-52
-83
-23
-54
0
-28
-89
139
-77
-61
-88
0
500
801
-21
-69
0
727
-85
-9
-27
474
4
-55
683
-84
20
799
812
-15
605
444
525
135
-76
-23
1876
-1
910
359
0
895
-60
-11
0
1571
-10
0
38
-72
-56
-84
0
979
-59
552
-37
254
-16
-20
-88
839
-11
-18
0
621
399
-13
644
-81
-40
-19
-84
127
218
141
55
96
874
-19
-79
-46
-66
987
689
0
485
-2
-1
-23
885
-12
-10
793
-3
0
-48
222
-40
188
0
-14
519
656
-64
-78
-40
-15
826
114
-89
2
-15
-71
544
-67
-87
494
-88
-60
-12
-84
1083
-29
-88
36
212
462
-64
1360
-31
462
61
-4
743
453
-11
102
935
-82
-68
60
-77
-13
-44
325
383
0
-2
-67
1047
321
-8
-23
-1
-16
-47
1281
-3
-47
0
-65
-89
-9
-4
438
-55
527
283
665
17
77
-20
954
187
-13
841
66
-3
567
352
-1
196
1781
0
483
401
-88
-5
1253
-1
0
-81
-85
253
-37
0
-17
1096
60
220
120
408
230
-18
536
414
1806
0
607
-53
406
-53
977
-82
-61
704
-80
519
121
343
-23
500
372
-29
370
-70
-28
88
-13
-70
770
0
-57
275
-86
-3
57
176
0
1442
-61
1190
-16
0
-87
187
330
-85
-87
-45
-72
-32
529
-1
-83
-15
181
290
-8
-77
361
364
-35
-61
493
271
851
-81
-22
217
327
-83
-70
-4
-85
679
-2
-88
983
0
-66
914
-77
-11
-49
-26
-22
345
-42
392
337
0
-10
1397
427
-82
-84
23
-46
-86
-15
-39
758
-13
2
323
-50
-35
-17
131
-48
-24
-46
658
-85
61
-54
1167
588
-50
512
-28
733
799
-21
17
681
-17
679
405
737
307
-87
13
-29
766
905
646
-3
-33
-13
273
314
-73
-83
-30
157
-83
673
-23
-79
-24
-88
569
756
-71
-12
1214
116
-74
845
579
-87
-73
275
11
-88
-88
-88
-5
280
187
-5
309
-70
-35
169
184
215
-61
-88
-88
-83
617
72
1919
-3
-12
-3
1034
432
7
128
-24
621
-87
607
154
271
-32
144
474
971
-59
-88
106
-83
-87
926
327
-48
63
-76
154
-88
-55
-85
-18
-87
-88
-1
353
-19
-67
399
142
1212
-9
-22
263
40
1389
1006
1667
-10
-2
-11
954
123
-72
172
-58
579
-75
64
42
-70
83
-20
128
508
49
106
1006
-88
-72
444
559
-5
341
339
-89
231
-72
104
-14
31
-84
-2
521
-50
-86
25
1158
220
-87
-28
-65
329
1629
714
1491
-14
-5
-5
780
523
-87
195
18
-85
481
-86
60
-36
175
134
363
725
61
-88
-74
-64
-36
-64
202
-40
-71
314
-89
-3
-84
689
-86
-45
-39
-84
-50
92
361
-33
489
764
671
-43
760
-89
906
504
304
-5
-84
-44
