-33
-88
-4
-1
-19
-29
-86
-17
-11
-73
1359
-12
-72
-82
472
1133
1087
-1
-51
505
-77
1761
2047
-34
-83
-1
-79
-52
-13
820
118
-71
1832
1264
-44
944
1079
-63
2047
-25
-48
834
625
0
1426
784
0
-51
-88
-57
420
-55
-85
-16
52
-72
-27
-30
953
93
586
-59
102
539
-82
-9
-3
-77
-64
296
-46
-43
-87
-2
-42
-88
-42
964
-61
3
1015
902
238
-16
-32
6
633
-83
-37
-24
169
-13
-67
499
-85
-83
-56
27
-82
-7
172
-67
-35
83
-12
-87
1012
-81
-57
-27
238
54
73
-76
-64
283
-79
602
987
-88
204
-39
-77
-48
-36
395
158
-12
425
1012
79
384
498
-43
973
485
-86
492
682
-70
85
79
-78
-88
-15
-78
-86
-73
-84
-33
83
-27
-78
41
1094
100
-86
193
807
116
-87
-87
58
-86
-54
114
12
-8
-67
-43
346
-82
-43
-39
-29
-37
-53
1088
-86
36
58
114
713
-71
-80
212
-74
-88
144
12
-78
-59
-25
-31
369
307
-72
-66
-80
-73
-38
-44
144
258
296
-49
-62
85
-86
0
-56
-16
-79
-55
-50
77
-39
-51
896
-73
-85
13
-53
310
405
-66
-67
-52
-43
-87
60
-88
-13
-6
-84
-3
-87
669
-64
-24
-87
-4
1787
2047
-27
-45
-56
-87
157
-52
220
455
1220
377
-14
-50
-3
211
-83
-1
-9
-15
-4
-21
-1
-10
276
329
627
226
-2
232
-64
-3
-13
-13
-1
242
-24
-1
127
-1
-1
18
-71
-70
1398
-48
-32
-49
-86
1335
-47
11
-83
-80
-83
-85
582
-86
585
-55
-84
221
-46
-61
-17
39
-80
-27
-61
-7
-24
-33
-76
-38
555
-56
-86
-24
42
-9
-78
-13
-43
240
-55
-74
-88
-35
-59
594
69
-72
207
-18
-18
-80
-87
-88
27
189
-85
863
-84
-85
849
-14
-59
98
616
802
-75
-20
40
-14
123
202
129
92
-50
-88
58
-63
-47
-78
-85
-88
5
321
-88
-67
138
613
236
-57
-85
24
-84
275
743
280
225
-54
-47
-24
746
1073
-88
-77
-86
-22
-84
-62
-29
647
-34
-17
-65
-45
-43
-77
-82
-25
87
-62
-32
-87
-72
-39
765
810
-29
-86
-15
27
102
-31
-82
-66
-85
-43
-42
-88
-30
-24
-68
-68
-84
244
-83
-88
-75
-6
58
431
-76
96
216
-68
167
74
303
865
-47
-53
-23
-51
-15
0
-87
-33
-88
-5
-41
-13
21
-1
-63
-69
84
-26
-39
-66
137
-86
890
-36
-31
-36
257
-37
-56
-81
-4
10
387
-2
71
-63
-35
-88
-86
763
-81
81
48
81
66
152
168
-88
-87
-60
-67
44
-19
-3
-42
83
-69
-69
-42
-3
-28
-1
-87
-63
-69
-79
-26
-53
225
110
582
236
-78
162
300
-57
-20
36
-88
-50
310
-85
-58
-10
-86
86
-57
-52
-44
493
279
-17
-7
212
1255
467
-88
-85
530
-84
-88
0
-22
19
157
-58
265
-37
141
-85
-64
-85
-88
26
40
-48
329
683
300
160
-26
-55
519
-63
125
320
-70
583
202
79
184
-50
-38
-84
-67
-17
472
707
1128
29
180
70
287
211
-29
-64
936
236
-83
-6
672
544
-85
-86
-62
133
813
-17
591
-18
-72
-25
-56
-86
-55
929
76
710
1039
41
172
1217
-74
538
327
29
24
275
-46
-88
885
-72
-48
-3
572
563
1413
-87
-87
712
610
1201
-50
-38
966
-31
-88
0
969
589
-86
-83
-85
-73
1464
-25
-49
-74
-42
-51
-28
100
608
1501
-88
913
469
-21
574
972
-82
108
35
-35
-37
141
-73
-30
-78
-71
-56
-10
574
484
768
14
-84
62
461
466
-45
-80
638
-86
-84
0
490
45
-88
-74
39
-55
995
-7
-40
-77
-83
-14
-29
-49
320
1340
-54
1143
371
-73
478
643
-88
224
-8
-88
-20
-2
-85
-57
-6
1142
207
-41
46
237
-6
350
-53
-41
396
257
-87
-85
-10
156
-83
0
-41
52
904
-77
127
1
820
-25
-75
-88
-67
35
-88
256
149
484
34
95
84
174
260
182
-84
155
-84
434
396
-85
347
-69
