148
828
-376
634
810
-3
464
-179
-320
992
-412
-48
536
-129
-1677
105
-924
-911
-1146
789
282
-318
247
-327
968
-454
398
292
-665
-590
86
-992
867
-1500
-275
-544
279
13
-1176
-353
-56
-637
345
1027
301
-1363
-226
-252
-53
787
-1539
775
-744
-358
-96
170
-1098
-728
207
-191
697
42
-268
122
38
-679
-486
102
-101
-434
-247
-333
-217
-133
894
286
-877
837
626
-1375
503
-1793
-340
-1080
645
-1297
-377
795
-430
-105
-250
-2
478
-326
-623
-1023
-175
447
-1128
833
-649
-336
-156
-221
-892
-309
128
216
-33
-553
-24
-242
-887
-839
-816
-291
479
-564
-461
-374
494
-34
581
-92
-386
-78
46
-1254
344
-1476
-540
-1074
-11
51
-368
-571
-118
51
-269
432
146
-519
-1171
-365
108
711
-365
513
-51
-344
441
-113
-450
-526
262
-148
19
-454
-406
52
249
200
-1074
389
428
-1082
-418
43
-334
381
240
801
-391
-502
-285
-1145
349
-275
-223
-119
254
230
-725
-331
-174
-84
319
-75
335
104
-538
-417
377
511
-921
-82
3
-1041
-645
686
-346
-346
-2048
-173
-63
40
-1148
1286
-794
253
151
45
-93
-653
-289
144
-394
66
611
643
-1288
-347
921
-1054
958
-1036
-2048
-376
1013
-1167
-2048
1062
-1449
-2048
-500
-312
-29
-486
-2048
-673
-228
120
-138
-92
-207
-1556
330
486
-746
-111
-2048
448
-292
-953
-683
316
4
-483
425
-301
21
485
492
-830
385
300
343
117
-135
-28
1069
-1383
543
254
-1908
535
-90
-886
-1822
899
-914
-2048
39
-386
-476
-173
-2048
579
-88
357
-596
194
-806
-760
-247
506
-904
-22
-1619
393
276
-861
405
-154
-54
-765
-307
111
172
121
54
88
524
-23
-146
-539
-417
583
428
-1977
322
-1241
-1376
-718
530
-877
-914
482
-1166
-1789
-522
174
-580
153
-1907
-845
340
411
-433
-142
-54
-828
499
102
-238
2
-830
-117
353
-414
-274
327
-223
-451
-871
-304
634
-666
-258
37
168
310
-100
783
-646
310
60
-1146
456
305
-891
93
556
-323
-110
59
-353
-850
-59
235
267
-1696
-1233
-415
615
233
-981
-725
-1500
-815
-533
740
-1212
-529
-2048
-102
-231
-952
-1126
297
-480
344
211
416
18
73
-755
566
152
-860
507
64
-1164
365
250
-1402
158
1016
-2048
321
277
-240
-1074
725
-1488
-2048
-324
-290
193
-49
-2048
-796
641
59
173
106
281
179
-779
349
284
1030
-2048
386
-497
280
-496
578
-321
-450
436
-333
340
107
245
-724
330
261
-660
260
-397
-671
82
-855
-114
470
-1730
-471
206
-282
-1209
56
145
-1567
828
-446
691
-803
-2048
-199
152
238
-291
-271
-547
-384
-641
345
-1346
-167
-827
148
215
-976
-355
255
257
-611
-93
326
204
512
-153
-730
171
236
-162
-114
-1107
-297
423
-1224
-212
581
-1557
-104
545
-351
-903
-69
-694
-730
246
-563
272
242
-1838
-916
803
291
-157
-169
24
-536
-287
-18
-51
464
-860
2
234
-510
-616
-20
114
-527
-711
-63
412
-292
60
-490
679
376
-70
336
-670
451
485
-744
18
424
-795
423
279
453
225
-276
14
-664
468
540
406
-1217
-627
-862
205
229
-378
-167
-658
132
-164
420
-717
-147
-708
-213
366
463
-391
-14
704
103
-372
509
371
-272
-381
206
12
-218
-255
-221
-1079
209
152
-1076
226
-398
-617
140
150
170
-448
-211
-210
-308
391
69
1093
-4
-882
-1168
608
294
8
112
-30
393
-276
386
130
204
-639
123
316
575
-457
-241
96
-163
-265
551
236
-525
61
-134
130
-203
-482
-290
-781
-198
-211
-1367
251
-766
-416
276
122
703
-933
-731
199
41
799
593
952
-914
-1327
-893
566
108
-384
142
-85
371
-364
62
43
-115
78
-24
112
334
49
96
593
-209
-384
300
361
-1060
244
243
-238
180
-385
94
-840
32
-169
-1252
341
-510
-279
26
674
173
-193
-674
-102
237
931
441
855
-835
-1073
-1052
475
342
-276
157
19
-180
320
-288
59
-603
144
116
256
447
60
-239
-126
-99
-606
-100
162
-576
-391
229
-235
-3
-172
428
-182
-62
-581
-172
-70
85
255
-42
324
467
419
-555
465
-227
541
332
223
-1078
-305
-548
