-766
-279
-1369
-1795
-29
-812
-335
-25
-1089
-155
965
-17
-469
-391
388
814
784
-1897
-616
410
-429
1239
1594
-54
-208
-1710
-181
-613
-1053
611
129
-479
1288
901
-73
691
779
-120
1438
-853
-642
620
487
-1992
1010
588
-2048
-90
-259
-104
354
-592
-351
-994
64
-148
-830
-800
697
106
462
-563
114
432
-389
-1160
-1452
-432
-123
269
-659
-72
-316
-1573
-70
-300
-688
704
-550
4
737
664
227
-23
-779
8
492
-375
-729
-867
173
-1040
-503
406
-350
-380
-580
35
-389
-1238
175
-505
-56
96
-1079
-241
735
-192
-104
-41
227
66
86
-442
-527
260
-417
472
719
-292
201
-719
-172
-82
-745
337
164
-1081
357
735
92
330
405
-71
710
397
-236
401
523
-142
98
92
-175
-288
-1013
-422
-228
-462
-213
-53
96
-41
-174
51
789
112
-235
192
603
127
-242
-313
70
-238
-598
125
16
-12
-133
-678
304
-198
-683
-63
-817
-736
-95
785
-341
46
70
125
543
-474
-187
207
-157
-257
152
16
-174
-561
-859
-791
320
277
-471
-512
-402
-459
-727
-674
152
242
269
-633
-116
98
-233
-1946
-586
-999
-415
-587
-623
90
-713
-621
660
-465
-360
17
-601
279
344
-510
-131
-91
-678
-327
72
-290
-1053
-1258
-212
-1408
-241
515
-527
-876
-248
-1388
1257
1448
-838
-75
-583
-313
163
-609
213
377
872
325
-1023
-623
-1416
206
-373
-1632
-1147
-1015
-1374
-907
-1640
-1113
255
292
488
218
-1547
222
-529
-1463
-1047
-1041
-1835
230
-866
-1869
137
-1802
-1634
24
-145
-144
991
-641
-782
-634
-337
949
-81
15
-203
-184
-204
-359
459
-337
461
-590
-213
214
-657
-545
-973
49
-405
-42
-546
-1242
-874
-766
-436
-721
442
-100
-228
-874
53
-1148
-174
-1042
-679
228
-99
-453
-281
-754
-109
467
82
-148
203
-27
-949
-184
-315
-258
35
189
-350
639
-213
-352
630
-20
-564
110
481
600
-160
-923
50
-21
133
199
139
105
-86
-259
70
-533
-646
-424
-350
-291
7
287
-290
-506
147
479
225
-576
-226
31
-368
254
562
258
217
-97
-649
-870
564
775
-258
-169
-238
-891
-371
-538
-45
501
-55
-978
-519
-663
-678
-429
-386
-861
100
-538
-784
-251
-150
-719
576
605
-45
-230
-1002
35
114
-789
-391
-513
-350
-71
-690
-297
-798
-871
-497
-496
-367
231
-206
-260
-444
-1280
70
361
-168
109
210
-134
171
87
274
640
-646
-606
-35
-618
-1003
-2048
-330
-774
-274
-1306
-695
-1050
28
-1662
-119
-488
97
-847
-716
-510
146
-347
656
-742
-786
-746
241
-732
-586
-190
-1361
14
332
-3
84
-533
-747
-295
-340
575
-190
94
59
94
79
159
172
-308
-324
-555
-132
55
-938
-1436
-686
96
-139
-491
-69
-1489
-822
-1673
-252
-536
-487
-180
-849
-604
217
122
459
225
-419
167
272
-105
-30
46
-302
-86
279
-222
-106
-1126
-335
99
-576
-610
-73
402
257
-25
-10
207
895
385
-306
-222
426
-214
-283
-2048
-34
25
163
-107
247
-60
149
-349
-529
-350
-258
34
50
-82
292
524
272
165
-40
-98
419
-536
135
286
-480
460
199
92
185
-630
-727
-364
-508
-967
388
539
811
37
182
83
263
206
-808
-529
686
225
-375
-1254
517
435
-218
-346
-116
142
607
-975
465
-27
-469
-859
-580
-227
-98
681
89
541
753
52
175
870
-456
431
291
37
32
254
-79
-259
653
-151
-645
-1468
453
447
1001
-318
-315
542
477
859
-625
-726
705
-793
-307
-2048
707
464
-344
-380
-357
-154
1036
-864
-85
-157
-70
-622
-43
112
476
1061
-303
671
386
-915
454
709
-384
120
45
-56
-60
149
-153
-802
-426
-475
-580
-1127
454
396
578
19
-366
75
381
384
-664
-405
495
-236
-210
-2048
400
56
-271
-454
49
-98
724
-1234
-66
-430
-376
-1029
-811
-636
286
952
-96
821
321
-458
392
498
-270
216
-11
-299
-30
-3
-358
-573
-9
820
203
-696
57
226
-8
307
-601
-67
338
241
-241
-359
-15
162
-382
-2048
-67
64
665
-434
137
2
611
-861
-160
-305
-131
45
-270
240
156
396
44
108
97
177
243
183
-362
161
-213
363
338
-225
305
-493
