-193
-812
210
-173
745
-1016
893
185
-121
160
-142
139
237
-338
-311
-173
-786
1713
-547
-81
-1084
475
-1006
540
-99
-316
-299
-906
-461
328
-743
58
577
-1053
-1130
341
-1244
-409
67
-1207
506
-761
-903
-6
-550
-1152
-230
571
289
496
-47
78
-80
215
433
611
-235
274
274
272
-120
-16
56
-337
-89
367
344
91
-400
-75
291
-145
-746
47
-655
-864
131
-425
-221
-288
495
-664
-220
-460
-835
-73
-91
-700
110
-185
-1440
-302
161
-51
-111
297
-88
-587
48
-291
127
-447
408
239
-229
47
-29
2
72
78
280
-452
0
826
-49
-113
-343
-50
-73
-250
-411
140
-178
-443
-142
181
-83
-298
509
-612
-94
-142
-855
-161
-46
-368
59
-232
-558
-233
-296
-717
-263
51
368
-141
117
-256
120
211
113
237
-172
255
222
-178
91
39
109
-112
-575
542
-237
316
-574
-189
-305
114
-581
-148
-245
-251
-24
70
-3
-355
629
-275
92
14
-634
-166
-114
-295
-111
-68
-522
-217
-468
-241
-117
-304
112
-156
101
-309
-146
-330
381
382
-352
28
154
-399
172
206
38
-362
-905
202
-826
-179
-201
94
-792
159
-230
-334
-217
-583
-318
-106
-455
-113
168
-69
-379
-220
126
451
160
-883
143
302
-55
-248
-632
-455
18
365
80
599
-140
168
-335
-212
-137
361
-430
-730
-26
-21
-180
64
-612
-67
303
-355
167
-386
325
619
696
-120
140
-548
-644
-74
-475
-196
148
-335
-683
577
-28
-404
285
289
125
974
875
459
1028
-203
76
214
55
584
-662
279
45
330
-314
310
562
260
-120
-80
-824
88
6
549
348
106
142
-125
217
38
-712
140
37
-396
-514
60
-235
83
308
-20
797
-30
-192
-433
-145
-239
149
-125
-82
-393
612
8
219
203
329
-800
21
-124
-62
52
112
44
-88
326
403
425
-146
220
389
-333
-268
-132
-3
119
-384
427
-77
203
-861
129
-602
199
-200
-125
239
-277
313
-29
-598
417
458
-474
-259
448
182
48
142
-382
526
-305
-243
12
234
-126
-312
-66
-100
-267
-184
-202
485
-286
-96
248
-359
122
246
-196
27
96
-264
102
-178
63
-333
145
-269
284
-288
43
-160
-36
-338
-32
-179
-232
-374
-475
68
91
-207
-32
-228
-94
-154
6
285
-163
-173
-223
-370
-51
-222
-108
-284
-309
18
-150
-224
346
428
-101
-323
475
107
66
-82
384
-43
319
150
279
68
-74
-524
2
-527
-421
-598
0
-630
81
-280
-777
337
-599
318
20
214
-260
-443
216
-327
-642
-171
-92
-77
-339
107
42
-283
-514
238
-716
-38
127
12
88
274
121
-147
50
109
491
-425
526
285
-39
-233
407
-43
153
-715
126
-330
-215
-680
479
118
-44
267
-246
300
-433
-38
204
36
-345
-764
-246
-162
-119
-169
-112
-172
-70
-235
-535
-24
-240
181
-297
102
205
231
-225
622
287
-236
434
237
-412
-330
26
123
-405
-525
373
2
-35
-710
47
-264
75
-917
79
181
-576
372
77
-418
-91
683
-404
192
-56
-390
-48
27
-893
11
279
-63
-280
-389
-305
-86
-246
635
-265
116
-82
90
54
-188
-134
-320
661
582
-345
-191
93
-197
188
-114
419
-62
141
-600
-387
-541
406
-1508
-695
-243
349
-16
-504
-214
-545
661
-66
160
-262
-21
-122
139
-8
-583
333
-98
-794
123
351
-216
-905
479
-520
-366
-273
61
-208
-63
9
-349
614
484
-449
-137
22
317
-421
126
36
-38
-41
-563
-136
-947
211
-1818
-285
172
-397
178
309
-433
-390
990
-153
262
-196
-82
131
418
-1103
-391
652
163
-1422
-29
-138
0
-829
-37
-353
-162
134
-148
-88
35
-118
-256
469
-230
31
-228
-41
31
127
33
222
-32
-27
-666
-77
-608
-185
-1804
-354
92
-185
445
17
-1
-425
777
-2
188
-141
-54
16
124
-325
-184
763
81
-852
151
-178
-7
-881
-145
-377
-55
25
207
-182
350
195
-189
82
-72
-124
-6
154
-219
-2
-322
314
-276
129
-418
218
-812
-40
-793
149
-51
-463
241
272
-108
-142
264
116
-50
165
-175
-46
-53
-459
668
116
-85
-332
-90
129
14
-316
