-834
-1943
898
-756
1907
-2005
1974
803
-542
704
-630
618
996
-1310
-1233
-756
-1930
2046
-1723
-368
-2016
1612
-2003
1713
-447
-1248
-1198
-1978
-1587
1282
-1906
265
1761
-2011
-2022
1318
-2032
-1483
305
-2029
1663
-1917
-1977
-28
-1727
-2024
-971
1753
1167
1647
-215
354
-363
917
1533
1799
-989
1120
1120
1113
-538
-73
256
-1307
-403
1385
1326
412
-1463
-341
1173
-643
-1908
215
-1841
-1964
584
-1517
-939
-1164
1646
-1849
-935
-1585
-1953
-332
-412
-1877
495
-803
-2041
-1207
708
-233
-499
1192
-399
-1772
219
-1173
568
-1561
1481
1003
-967
215
-133
9
328
354
1139
-1570
0
1949
-224
-508
-1323
-228
-332
-1040
-1487
622
-776
-1553
-630
788
-377
-1195
1668
-1800
-425
-630
-1961
-708
-210
-1387
269
-978
-1737
-982
-1189
-1889
-1084
233
1387
-626
525
-1061
538
902
508
996
-752
1057
942
-776
412
179
490
-503
-1758
1716
-996
1248
-1757
-819
-1216
512
-1765
-655
-1023
-1044
-110
319
-14
-1355
1817
-1123
416
64
-1822
-728
-512
-1186
-499
-310
-1688
-924
-1600
-1010
-525
-1213
503
-688
456
-1228
-647
-1288
1419
1421
-1347
128
680
-1461
752
883
174
-1372
-1978
868
-1949
-780
-865
425
-1933
700
-971
-1299
-924
-1768
-1254
-477
-1576
-508
736
-314
-1414
-935
563
1568
704
-1971
635
1207
-251
-1034
-1820
-1576
83
1380
363
1786
-622
736
-1301
-906
-610
1370
-1527
-1898
-119
-96
-784
292
-1800
-305
1210
-1355
732
-1431
1274
1807
1874
-538
622
-1724
-1831
-336
-1612
-846
655
-1301
-1864
1761
-128
-1472
1155
1167
559
1996
1968
1583
2007
-872
345
913
251
1769
-1847
1136
206
1288
-1242
1231
1742
1074
-538
-363
-1948
399
28
1725
1336
477
630
-559
924
174
-1886
622
169
-1454
-1676
274
-989
377
1225
-92
1936
-137
-830
-1533
-643
-1003
659
-559
-372
-1447
1800
37
931
872
1285
-1937
96
-555
-283
238
503
201
-399
1276
1470
1517
-647
935
1438
-1296
-1100
-589
-14
533
-1426
1521
-350
872
-1963
576
-1789
857
-861
-559
1003
-1130
1239
-133
-1785
1500
1582
-1610
-1071
1563
792
219
630
-1421
1693
-1216
-1016
55
985
-563
-1236
-301
-451
-1097
-799
-868
1629
-1158
-434
1034
-1365
546
1027
-846
124
434
-1087
460
-776
287
-1296
643
-1104
1152
-1164
197
-704
-165
-1310
-147
-780
-978
-1402
-1612
310
412
-887
-147
-964
-425
-680
28
1155
-716
-756
-946
-1392
-233
-942
-486
-1152
-1228
83
-663
-949
1331
1523
-456
-1268
1612
482
301
-372
1426
-197
1257
663
1136
310
-336
-1690
9
-1695
-1509
-1785
0
-1818
368
-1139
-1925
1307
-1786
1254
92
913
-1074
-1553
920
-1279
-1829
-748
-416
-350
-1312
482
192
-1149
-1676
999
-1888
-174
568
55
399
1120
542
-651
228
490
1639
-1517
1693
1155
-179
-982
1479
-197
676
-1888
563
-1288
-917
-1862
1619
529
-201
1097
-1027
1201
-1533
-174
876
165
-1328
-1918
-1027
-712
-533
-740
-503
-752
-319
-989
-1706
-110
-1006
788
-1192
460
880
974
-953
1810
1161
-992
1535
996
-1489
-1288
119
551
-1474
-1692
1400
9
-160
-1884
215
-1087
341
-1981
359
788
-1759
1397
350
-1502
-412
1864
-1472
830
-256
-1440
-219
124
-1974
50
1136
-287
-1139
-1438
-1216
-390
-1027
1823
-1091
521
-372
407
247
-815
-597
-1259
1846
1767
-1328
-827
421
-849
815
-512
1504
-283
626
-1787
-1433
-1715
1476
-2043
-1873
-1016
1339
-73
-1660
-913
-1720
1846
-301
704
-1081
-96
-546
618
-37
-1768
1296
-443
-1934
551
1344
-920
-1978
1619
-1685
-1382
-1117
278
-891
-287
41
-1339
1802
1628
-1565
-610
101
1251
-1509
563
165
-174
-188
-1743
-605
-1990
902
-2046
-1155
752
-1456
776
1228
-1533
-1440
2000
-676
1081
-846
-372
584
1502
-2018
-1443
1838
716
-2040
-133
-614
0
-1950
-169
-1349
-712
597
-655
-399
160
-529
-1061
1602
-971
142
-964
-188
142
568
151
942
-147
-124
-1850
-350
-1796
-803
-2046
-1352
416
-803
1557
78
-5
-1517
1925
-9
815
-626
-247
73
555
-1274
-799
1918
368
-1959
668
-776
-32
-1970
-643
-1409
-251
115
887
-792
1342
842
-819
372
-328
-555
-28
680
-931
-9
-1265
1242
-1126
576
-1502
928
-1943
-183
-1934
659
-233
-1591
1010
1113
-486
-630
1087
521
-228
724
-764
-210
-242
-1583
1852
521
-385
-1293
-407
576
64
-1248
