-12
-28
-24
239
210
-86
-71
-40
532
-6
-1
940
34
2047
-90
2047
72
0
557
-3
-9
2047
713
324
90
102
1164
0
-37
86
0
566
-96
-29
-90
-74
-34
-72
2034
-66
0
2047
1176
566
528
-4
677
-55
0
-2
-3
-5
-88
119
-87
-4
2047
0
0
3
-27
15
0
2047
-80
0
0
-18
553
1889
1617
23
2047
1055
1151
0
-12
191
-6
2047
-93
-67
736
-81
0
2047
2047
-20
0
1529
127
-9
559
0
52
1954
0
-33
39
-1
-58
468
-69
0
-18
0
0
-30
-82
-1
0
2047
1107
0
0
-54
-93
-91
1035
-95
1687
36
816
0
-81
-1
-21
1375
-96
-34
1878
0
0
-9
1918
-83
-9
442
-55
652
668
0
-67
627
0
-43
10
-2
30
-96
324
-5
-2
0
0
-12
-72
-10
0
1572
-3
-81
-28
-1
-54
-3
-14
-92
2047
-2
604
0
-61
-15
-38
110
-14
429
-52
-13
0
-74
1827
-66
471
-47
334
1406
-65
-75
36
-83
0
-1
126
-51
270
0
499
1482
382
580
-39
0
-12
2047
0
1093
2047
0
0
355
0
2047
2047
2047
2047
403
940
0
2047
-41
-6
2027
1653
2047
451
115
0
-83
147
-83
-55
2047
684
-11
1499
2047
79
-67
0
0
-5
-12
-71
-84
-85
-1
-19
2047
-94
-60
0
1196
0
-6
822
-3
-5
427
0
863
548
2047
1071
308
-3
0
2038
-4
186
2047
2047
497
-1
414
0
-44
-91
1794
0
2044
-4
-66
2047
1456
1589
-4
0
0
-76
-7
1275
1004
-94
-4
0
290
-87
-13
0
-47
0
475
715
-4
-82
-30
-96
14
997
2047
10
-1
-5
-1
1760
-29
1482
262
2047
-91
41
1702
0
-2
1404
1689
-2
1268
-26
-55
2047
-30
479
-14
0
820
95
-4
-96
-84
981
-95
-1
-8
-96
61
697
-11
0
427
200
-30
895
-28
442
-60
-52
249
-90
-66
1224
-11
-19
-27
170
-96
-40
-95
1570
-29
228
-96
2034
1662
870
852
515
-20
904
-1
-96
-12
0
0
1475
-85
1779
-63
477
2047
3
382
0
-1
-1
-94
-36
1730
-96
-18
-59
-30
-59
2047
804
1507
2047
1226
-88
-4
1664
0
-24
-96
1523
868
-42
-14
0
-38
-63
-16
83
-1
157
-67
1330
2047
38
-81
0
0
130
-91
-96
-94
95
1019
-58
-61
0
0
-18
0
0
1462
-96
-23
-95
-3
-1
1093
-93
711
2047
-11
-94
0
2047
0
-61
-44
2047
-23
-19
-10
0
-33
938
-7
-34
-86
-53
-29
2047
2047
1037
0
0
204
-77
-96
-93
-15
-57
-43
-67
1751
0
-1
-44
-32
-1
591
-29
-8
-59
-16
544
-94
-96
1
2047
-5
-29
0
1783
0
132
14
1861
-4
-21
102
0
0
2047
-80
-85
391
-28
-34
2047
2047
92
-3
0
2047
589
-1
-53
-4
-59
-95
-32
863
-38
573
954
-31
-2
779
372
-19
802
-1
2047
-30
-3
-84
1979
-1
1244
0
357
-14
-6
-24
-60
-1
479
-86
-19
-4
2047
-73
-66
727
237
-26
1136
-74
-55
-29
-2
-23
956
-11
952
30
119
1008
-45
-53
-1
-92
-2
-73
0
1153
230
206
1040
-3
1184
-33
370
983
1277
-20
-28
-1
-79
0
-60
-9
1709
28
-21
-18
0
-89
1284
-44
1060
-78
-96
-95
900
539
-4
629
0
1173
1093
0
-46
-15
-96
2047
-1
-89
-17
243
0
-60
0
1948
-96
620
2047
0
66
-83
-94
-81
1479
-3
663
0
-36
-1
-62
-1
-63
-37
-3
-69
-84
-20
460
-64
-57
-96
1585
-2
374
1004
0
-10
0
-85
174
-1
-78
0
-82
2047
-19
-29
-88
176
-27
-5
0
786
-5
-96
756
-7
2047
-95
-78
-7
1927
-96
2047
0
-86
-55
-48
-20
-84
-25
234
-54
-4
-76
1998
-54
0
-15
1889
-25
1275
754
0
102
-10
-14
-94
-1
-88
-6
28
1049
-92
-89
-55
268
338
-2
0
228
-24
-96
-37
-60
340
-56
-11
-7
1702
-86
1284
0
-96
85
30
-93
-24
-37
1929
-47
-2
286
548
-94
-5
-20
1118
-96
940
-47
0
940
