992
1208
-16
292
-63
1182
1557
-10
-61
-21
-5
-3
-111
337
-10
806
0
-18
-93
337
-11
-10
-4
-65
-118
39
317
0
-104
-12
48
1307
668
-56
422
-20
-104
543
-18
780
-119
-72
-107
-1
1755
-45
1941
79
-112
2041
-7
-10
-31
-107
-120
-6
-5
-1
-93
-1
-113
54
-119
-8
0
-30
-106
1185
-6
929
0
-99
-1
688
-18
0
-3
0
-33
2047
1119
-50
-118
-1
-100
32
-5
-3
-103
-73
-36
0
-120
-37
1221
-82
48
946
-61
-87
-112
-120
-111
-1
-2
-56
-90
-1
17
246
-103
-36
0
-1
-80
464
-5
-105
-19
-107
-41
368
-39
0
-47
-13
-93
982
1827
-98
-80
-8
-103
-111
-12
-5
131
-8
-113
-8
-39
-44
241
549
-64
389
-52
-70
-116
311
29
-71
-3
-110
26
-105
110
-2
-86
-40
-1
-99
-92
502
-69
114
-66
116
-31
-114
-108
-1
-58
22
-95
93
594
-85
-117
-119
-113
-86
-84
-67
508
-72
-117
-96
-119
-80
461
236
1511
87
0
-1
-6
461
-13
-37
-31
616
-28
-5
-21
311
45
-47
0
-2
1443
-112
-115
-93
-33
-113
-6
-110
-86
0
-118
-44
956
-118
-53
-47
1042
-115
-7
-120
0
-6
-85
-107
0
-2
-34
-32
404
1931
1456
684
-17
-7
-5
-117
-8
-105
-17
-120
-18
-3
-24
1469
-107
34
0
0
-16
-112
143
-39
-119
-41
-21
-70
-85
0
-41
-110
-1
-81
-24
-1
-55
543
636
-101
-4
-118
136
-107
0
-48
-49
-34
-89
1215
-112
284
-1
-110
-96
-89
-4
-119
-108
-14
0
-10
558
1095
-51
1576
0
-8
-3
-112
-120
-45
-6
-78
-11
-51
-66
0
-113
-117
0
-114
-72
0
-42
120
-37
-98
-49
-17
-22
-35
-36
-54
-118
-2
1139
95
-35
1228
-89
164
-97
371
-107
-51
-2
-3
-118
-42
-106
254
-118
58
0
-80
-41
492
-55
-94
-3
212
-24
-26
-27
0
-19
-110
-17
-97
511
-25
-120
-28
1052
600
-21
-77
1148
-76
-43
-5
21
-28
533
386
127
-2
-74
-3
-31
212
-69
2016
-11
-59
-15
-85
-48
606
-78
-36
-99
-2
658
-96
820
131
-19
-119
-2
395
428
0
-65
-36
383
-119
-86
-83
536
188
-17
-94
-34
-10
-110
-110
-14
-5
-19
69
648
2047
-27
480
-3
108
-110
75
-19
1274
-4
-8
-2
16
246
1411
-117
711
0
0
-68
-114
2047
-47
-118
-27
-1
1241
-78
0
-118
284
-3
-40
-65
-1
-88
-107
-39
-64
-20
273
1585
147
-20
-50
-7
-19
377
1056
-24
168
-1
-28
-58
428
-3
-117
-56
-50
-113
164
-38
342
-31
-118
0
-119
-12
946
2047
-46
-13
-120
-78
-118
112
0
-117
1726
-3
-94
-117
-8
-37
-53
-74
-111
0
-74
675
127
-15
-48
-47
-35
-107
180
-36
1086
-34
-112
-34
-120
-111
-60
-42
-3
150
368
218
-45
-38
1326
0
-6
-9
806
-69
-120
-1
284
-20
-2
-7
0
-12
-7
-10
-78
164
-46
-76
-85
-110
233
-120
-99
514
67
-108
-1
-37
-56
1261
989
331
246
-68
-82
-32
793
-56
-70
-97
-112
-97
1755
-45
246
-101
-6
-86
-39
185
97
-102
-113
-91
325
-104
434
720
0
-8
-40
212
-107
-64
-79
-109
-68
-110
197
-116
-68
236
-78
-116
-97
-10
757
919
192
228
1326
-107
-34
-11
849
767
-69
-19
-26
-85
1375
-24
50
-107
-87
0
0
-115
1086
-71
-119
-31
47
489
-39
-117
0
-17
-3
-112
-35
-73
-100
-50
-58
202
-13
-62
-66
1152
-35
-54
-8
-2
173
1175
-45
178
1521
-21
-16
-14
613
351
-113
-3
-95
843
979
-75
81
-31
-75
0
-1
-79
1560
-71
-119
-9
483
-95
-10
-118
0
-22
-60
-99
-28
-120
-21
-114
-116
-68
284
249
-11
257
-31
-106
-1
-22
-79
1293
215
14
776
-11
-22
188
-41
-115
63
-111
131
-48
374
555
-120
-64
-120
-1
-11
-86
11
846
218
-15
99
477
-46
-20
0
-119
-76
-109
-37
220
-94
-104
-69
-49
486
59
-18
173
-76
-117
-119
-54
-27
262
810
