-834
-30
-674
160
144
-315
-393
-44
300
-958
-1330
480
30
1149
-289
1828
59
-2048
311
-1098
-897
1051
380
203
72
80
580
-2048
-578
69
-2048
315
-197
-638
-149
-378
-593
-387
985
-419
-1601
1185
585
315
298
-1055
364
-474
-2048
-1214
-1101
-5
-142
91
-311
-1033
1462
-2048
-1931
3
-650
14
-1542
1949
-116
-2048
-2017
-747
309
916
788
21
1162
531
574
-2048
-825
134
-987
1787
-266
-411
390
-118
-2048
1079
1044
-716
-1582
747
96
-888
312
-2048
44
947
-2048
-605
34
-1447
-70
271
-91
-1754
-748
-1779
-1682
-628
-338
-1298
-2048
1668
554
-2048
-1804
-479
-267
-153
522
-253
821
32
425
-2048
-343
-1429
-703
676
-210
-597
911
-1518
-2048
-883
930
-333
-896
259
-474
353
360
-1594
-414
342
-1894
-536
9
-1246
27
-226
203
-1001
-1171
-1795
-1597
-826
-390
-868
-1903
767
-3
-341
-645
-1364
-477
-1144
-801
-163
1171
-1201
332
-2048
-440
-784
-569
85
-14
253
-486
-813
-1804
-101
887
-415
272
-514
208
690
-421
-374
32
-331
-2048
-1263
95
-491
176
-1569
285
725
231
321
-563
-1949
-828
1281
-2048
548
1123
-2048
-2015
218
-2048
1120
1703
1262
2047
241
480
-2048
1053
-549
-968
982
805
1181
263
88
-2048
-333
108
-123
-474
1155
367
-848
733
1366
64
-414
-2048
-1696
-991
-832
-95
-129
-132
-1274
-729
2047
-260
-446
-1662
594
-2048
-989
428
-1120
-999
252
-1820
446
307
1505
538
195
-1088
-2048
987
-1032
131
1360
1130
284
-1345
246
-2048
-532
-284
871
-2048
990
-4
-415
1583
713
775
-1064
-2048
-1622
-105
-929
630
508
-177
-1072
-1931
186
-312
-811
-1622
-516
-2048
274
381
-1064
-336
-623
-194
13
505
1641
9
-1346
-1006
-1421
855
-638
725
172
1039
-154
36
828
-2048
-1240
689
822
-1181
627
-664
-66
1874
-623
276
-14
-2048
427
75
-1052
-236
-126
498
-243
-1330
-903
-203
51
373
-842
-2048
252
139
-623
460
-644
259
-448
-486
165
-148
-415
607
-849
-736
-651
122
-241
-555
-183
766
-637
154
-195
985
809
449
441
292
-21
464
-1254
-205
-830
-2048
-2021
722
-324
864
-430
275
992
3
231
-1794
-1293
-1430
-256
-39
841
-208
-741
-451
-630
-452
1219
420
737
2047
608
-140
-1071
810
-1546
-682
-213
744
448
-47
-798
-2048
-567
-80
-770
67
-1258
114
-410
655
2003
33
-344
-2048
-1462
98
-157
-203
-174
75
515
-457
-443
-2048
-1577
-747
-1585
-1512
716
-213
-685
-187
-1084
-1279
548
-165
379
2047
-845
-261
-2048
1163
-1816
-439
-50
1076
-692
-725
-865
-2048
-604
479
-944
-597
-133
-63
-632
1319
2047
523
-1945
-2048
141
-107
-189
-265
-789
-69
-48
-414
851
-2048
-1290
-531
-608
-1258
326
-631
-909
-450
-764
305
-260
-228
1
1602
-1001
-636
-2048
866
-1480
99
13
903
-1037
-706
80
-2048
-2024
1170
-350
-319
235
-645
-600
1100
1284
73
-1083
-1771
1001
325
-1335
-481
-1057
-72
-179
-614
446
-571
318
486
-620
-1216
409
226
-726
419
-1348
1038
-628
-1124
-329
959
-1399
616
-1829
219
-803
-969
-675
-447
-1262
276
-316
-730
-1031
992
-99
-419
386
159
-659
567
-378
-474
-634
-1195
-688
487
-854
485
27
91
510
-525
-482
-1344
-161
-1200
-384
-1801
575
155
142
524
-1085
589
-36
225
499
631
-722
-30
-1265
-355
-1458
-448
-9
831
25
-704
-740
-1570
-297
634
-534
533
-358
-192
-249
462
303
-1063
343
-2048
584
548
-2048
-52
-782
-215
1241
-1360
-144
-750
162
-1538
-448
-2048
944
-234
339
1305
-1915
55
-332
-177
-119
724
-1139
358
-2048
-582
-1322
-438
-1334
-79
-578
-1130
-401
-327
-719
267
-82
-463
-202
773
-1175
227
508
-1637
-869
-1497
-132
124
-1388
-356
-1747
-340
1288
-729
-637
-304
125
-29
-991
-2048
412
-1003
-237
399
-955
1118
-253
-360
-953
934
-230
1236
-2048
-314
-471
-56
-721
-326
-671
157
-64
-1033
-370
968
-478
-1893
-777
916
-670
630
398
-2048
80
-863
-803
-255
-1407
-301
-964
25
528
-163
-300
-66
175
210
-1157
-2047
154
-682
-209
-575
-446
211
-466
-839
-952
828
-318
634
-1855
-203
68
27
-270
-682
-575
935
-54
-1212
184
307
-173
-1011
-720
559
-229
480
-516
-1542
480
