355
420
-695
134
-420
412
527
-782
-429
-641
-890
-969
-253
150
-772
299
-1429
-671
-318
150
-755
-7
-914
-414
-208
24
143
-1882
-280
-739
29
450
257
-447
179
-655
-281
218
-667
291
-202
-388
-270
-1116
589
-496
648
45
-246
680
-835
-779
-572
-267
-177
-879
-907
-1184
-317
-1194
-243
32
-207
-822
-2048
-576
-273
413
-853
336
-2048
-299
-1139
263
-668
-2048
-995
-1373
-558
825
393
-473
-157
-1145
-293
20
-913
-957
-285
-384
-542
-1278
-184
-532
424
-354
29
341
-429
-339
-249
-192
-252
-1178
-1076
-446
-327
-1195
11
117
-106
-539
-2048
-1162
-70
193
-901
-109
-659
-267
-514
161
-526
-2048
-485
-734
-317
352
612
-300
-69
-823
-106
-252
-751
-889
70
-826
-132
-817
-526
-500
115
220
-418
168
-40
-397
-142
141
18
-393
-1002
-257
16
-274
60
-1
-340
-519
-1147
-299
-321
205
-400
62
-408
63
-571
-237
-266
-1150
-438
14
-312
52
234
-344
-147
-206
-130
-342
-75
-405
207
-389
-149
-308
-160
-360
192
113
513
49
-1389
-1111
-857
192
-730
-536
-566
241
-588
-892
-643
141
27
-487
-1506
-1050
492
-127
-140
-87
-556
-131
-859
-257
-78
-2048
-158
-501
344
-211
-461
-485
370
-138
-849
-179
-1713
-866
-346
-114
-1491
-1071
-551
-564
173
645
496
262
-679
-830
-909
-222
-819
-276
-680
-174
-673
-1009
-618
500
-269
21
-2048
-1595
-696
-128
75
-526
-162
-511
-640
-395
-343
-2048
-30
-256
-1099
-71
-620
-1130
-450
218
247
-289
-941
-213
72
-115
-1490
-481
-477
-552
-82
422
-248
131
-1249
-255
-308
-332
-950
-167
-266
-712
-1408
-774
223
386
-469
533
-1325
-823
-1000
-248
-179
-34
-851
-368
-754
-39
-408
-2048
-132
-222
-1647
-238
-60
-1274
-506
65
-533
-302
-478
-680
-638
-546
-539
-457
-155
-1047
399
53
-546
426
-82
84
-306
162
-269
-469
-1041
-966
-213
-507
-271
120
-214
34
-1525
-360
-515
202
-450
-314
-985
104
-621
-601
-598
-1758
-658
-122
-684
-303
208
-609
-188
-591
373
236
-644
-370
402
-373
-32
-904
13
-589
215
167
68
-1
-383
-988
-571
104
-399
672
-766
-434
-705
-76
-480
238
-367
-26
-296
-1076
254
-309
303
70
-662
-197
-1092
170
181
-2048
-414
-539
166
-162
-340
-351
216
94
-682
-313
-552
-776
-121
-123
-718
-900
-665
40
251
690
-593
198
-976
59
-255
43
-658
440
-933
-814
-1093
10
117
482
-150
270
-1321
-1479
-402
-134
685
-484
-209
-596
-1116
430
-67
-2048
-152
131
-969
-517
-413
-1143
-335
-267
-29
-418
-651
127
536
77
-650
-471
-846
-661
164
374
-618
86
-1169
-588
-438
181
-1010
-148
-446
-472
-240
84
-529
152
-571
-209
-1472
-202
-738
341
717
-488
-730
-185
-367
-153
61
-2048
-220
580
-964
-313
-148
-824
-27
-41
-62
-251
-1428
-62
259
68
-707
-480
-487
-548
-115
91
-537
383
-550
-247
-553
-184
-124
-431
-506
-961
78
161
106
-34
-529
456
-1793
-856
-788
299
-398
-172
-1163
131
-652
-1039
-830
-2048
-748
-830
-783
-368
84
-489
-376
-344
-122
112
-174
-296
209
39
-263
-1214
-535
-449
436
354
148
117
-404
-353
-563
295
-449
-58
-305
-128
-305
589
-492
117
-102
-860
-340
-524
93
54
-104
-130
-325
146
-108
183
273
-1407
-820
-517
104
-115
-415
-363
-119
-56
-256
98
-225
-404
113
-369
-225
-305
-769
284
333
96
110
456
-268
-553
-759
312
287
-400
-663
-602
-76
471
-17
30
-269
-337
-1746
-1442
-230
383
-393
-204
-22
28
201
-525
-221
-2048
-684
-982
-246
-543
-384
-295
-472
-438
100
-9
-50
-410
403
-546
-42
-823
-1084
88
410
-34
90
516
-644
-692
-716
240
155
-243
-1007
-91
310
351
-64
46
-572
-379
-2014
-1125
-363
528
-392
-205
-794
199
-312
-782
-212
-2048
-631
-432
-298
-591
-185
-643
-236
-225
-404
131
118
-759
121
-568
-113
-1136
-631
-68
446
105
9
290
-758
-636
94
-30
-140
37
-125
70
-36
163
222
-172
-417
-189
-1252
-760
-342
7
311
106
-705
55
197
-491
-655
-1540
-166
-374
-260
-535
107
-316
-280
-57
-478
200
35
-674
88
-65
-146
-160
-455
-595
123
300
