-890
-9
-143
267
589
499
147
-1018
834
815
258
176
-980
156
148
-982
-208
-1142
-114
159
-946
1280
-34
427
285
752
258
-1310
-1183
230
-510
383
76
-196
-440
82
12
-547
1031
444
391
-203
326
-998
-161
-8
-1468
436
-855
-551
-69
-247
263
157
625
-1146
868
579
-124
-262
-510
311
88
-764
-271
-401
-335
182
-1077
1301
54
743
499
738
690
-1035
-833
553
-135
-185
204
290
8
299
-261
73
1030
100
48
-594
771
-302
-224
37
-1089
529
-843
-158
133
-71
206
-82
676
-717
794
745
117
-101
-592
121
-187
-337
-244
-549
-722
-179
-1159
912
76
40
61
643
296
-928
-469
106
-389
-207
-529
42
164
165
-517
-65
1157
81
-53
-693
352
-243
91
-95
-1494
672
-912
170
372
338
36
186
229
-706
625
661
163
279
-20
104
-8
-494
-63
-917
-556
-56
-737
1191
0
25
50
315
161
-746
-484
103
-71
-424
-554
219
119
221
-682
-140
1052
-46
-12
-437
-256
202
0
110
-1179
395
-553
473
-241
77
60
593
46
-898
917
942
129
-104
-528
346
-192
-736
-378
-691
-760
-220
-1122
807
-425
-271
-355
96
-30
-1150
-390
3
-502
90
-432
57
-298
515
-764
-64
634
289
-145
1
316
-338
258
-128
-1116
314
-325
567
24
-96
-368
-265
395
-269
1110
714
180
-345
-538
321
-90
-869
-353
-324
-572
-521
-1629
685
-847
-132
-475
585
-73
-783
-377
25
-560
-17
-342
-16
-108
579
-627
-29
1172
180
264
-908
-616
-141
141
-76
-1355
452
-435
278
-298
-228
-121
-6
192
-368
919
598
241
-422
-815
213
56
-645
-424
94
-874
-232
-1293
674
-791
133
-617
15
128
-530
-664
45
-172
-156
-61
45
-167
240
-729
-271
529
126
106
-465
72
-190
-826
-176
-1748
231
-1065
63
292
-117
176
182
435
-970
809
1027
40
-534
-765
85
198
-642
-281
-673
-295
72
-1022
2047
-107
363
-13
470
268
-997
-758
-13
197
-24
-341
381
-458
52
-397
161
939
254
-136
-747
-307
-468
18
-125
-1579
419
-576
-433
12
549
363
-223
-62
-1207
922
379
-29
-211
-292
-32
289
-714
-424
-901
-892
-70
-1149
1409
-393
94
1
544
4
-1181
-902
136
-696
112
-135
-138
0
309
-163
-97
945
108
-513
509
613
-596
-228
-270
-514
348
-146
343
-83
430
173
-80
382
-661
1145
960
59
-546
-811
31
316
-688
-486
-818
-405
-333
-1428
1378
304
583
-156
835
169
-1529
-1548
-178
407
221
-358
-273
-59
410
-518
-276
864
94
239
410
462
-613
-187
-263
-2048
556
-1150
529
172
-160
273
271
-212
-979
1008
1216
307
-219
-892
169
149
-601
-299
-189
-729
-48
-1241
1925
-479
531
8
928
121
-1461
-470
-181
-119
-217
-453
63
-130
422
-609
12
644
-49
-319
449
-177
-513
-577
87
-1260
617
-1190
382
292
26
96
286
80
-1027
799
825
136
-492
-849
293
203
-1102
-271
-629
-670
-4
-944
1924
-405
309
-46
289
-43
-1027
-870
36
273
-85
-413
48
-348
220
-718
-126
1247
114
-183
-323
-360
-339
-183
-216
-2048
346
-683
-27
475
569
-114
397
298
-432
641
386
700
-110
94
250
-351
-713
-196
-932
-491
163
-852
1420
355
-479
-67
235
315
-806
433
267
-470
-541
-634
688
282
385
-694
164
733
32
-336
-481
-617
170
159
223
-971
415
-859
469
566
737
-219
653
373
-534
679
931
67
-354
-410
375
-270
-1059
-346
-1016
-345
473
-1025
1534
248
-47
-292
-48
30
-1205
-288
91
-242
-829
-797
1013
-73
148
-826
-216
906
64
-119
-677
-803
321
409
21
-2048
295
-1154
502
603
428
43
478
-66
-1049
681
817
339
-134
-451
225
286
-469
-278
-1020
-608
261
-894
1667
-487
426
-6
137
231
-727
-136
202
-337
-497
-598
620
362
39
-914
-224
1178
59
-94
-514
-738
369
161
-265
-1382
319
-772
128
462
217
82
137
120
-925
658
568
201
-108
-226
94
161
-339
-128
-809
-436
238
-841
1531
-257
25
335
449
150
-580
-253
197
-253
-325
-372
55
114
199
-632
-69
945
-108
-365
-250
-132
-182
-120
-212
-1120
534
