-1928
-36
-560
985
1679
1542
575
-1974
1899
1888
957
681
-1963
608
579
-1963
-793
-2003
-451
619
-1951
2022
-137
1403
1040
1845
957
-2025
-2009
867
-1561
1303
303
-752
-1430
327
48
-1620
1978
1438
1322
-776
1157
-1969
-627
-32
-2036
1422
-1910
-1626
-276
-922
973
612
1724
-2003
1917
1666
-489
-970
-1561
1115
350
-1854
-997
-1346
-1182
702
-1990
2024
216
1838
1542
1834
1793
-1979
-1898
1629
-531
-713
779
1055
32
1081
-967
292
1978
397
192
-1686
1859
-1090
-847
149
-1992
1592
-1904
-616
523
-284
786
-327
1779
-1817
1875
1840
462
-401
-1683
478
-720
-1187
-913
-1623
-1821
-692
-2006
1937
303
161
244
1745
1072
-1944
-1488
420
-1318
-790
-1592
169
638
641
-1573
-260
2005
323
-212
-1795
1226
-909
362
-378
-2037
1775
-1937
659
1277
1190
145
716
864
-1807
1724
1764
634
1022
-80
413
-32
-1534
-252
-1939
-1634
-224
-1833
2011
0
100
200
1127
627
-1841
-1516
409
-284
-1397
-1631
830
470
837
-1785
-549
1984
-184
-48
-1424
-951
772
0
436
-2009
1332
-1629
1495
-903
307
240
1685
184
-1931
1939
1949
508
-413
-1591
1211
-738
-1833
-1291
-1794
-1851
-834
-1999
1883
-1399
-997
-1234
382
-121
-2004
-1320
12
-1548
358
-1414
228
-1078
1570
-1854
-256
1735
1052
-568
4
1130
-1190
957
-504
-1998
1124
-1154
1649
96
-382
-1267
-979
1332
-991
1997
1814
695
-1208
-1606
1143
-358
-1918
-1229
-1152
-1656
-1579
-2042
1788
-1906
-519
-1499
1674
-292
-1867
-1289
100
-1639
-68
-1200
-64
-428
1666
-1727
-117
2008
695
976
-1936
-1713
-553
553
-303
-2028
1455
-1420
1019
-1078
-860
-478
-24
738
-1267
1940
1691
903
-1392
-1888
810
224
-1747
-1397
374
-1920
-873
-2023
1777
-1873
523
-1715
60
504
-1594
-1767
181
-667
-608
-244
181
-649
900
-1827
-997
1592
497
420
-1480
288
-731
-1894
-681
-2044
870
-1987
252
1061
-462
681
702
1420
-1959
1884
1977
161
-1600
-1855
339
758
-1744
-1028
-1776
-1069
288
-1976
2047
-424
1254
-52
1490
988
-1968
-1850
-52
755
-96
-1198
1299
-1466
208
-1336
627
1948
944
-534
-1841
-1104
-1486
72
-493
-2040
1386
-1662
-1416
48
1623
1254
-844
-248
-2013
1942
1294
-117
-803
-1061
-129
1052
-1814
-1397
-1933
-1929
-280
-2004
2032
-1327
374
4
1616
16
-2009
-1933
534
-1798
443
-531
-542
0
1110
-634
-385
1951
428
-1566
1559
1710
-1689
-860
-994
-1568
1216
-572
1203
-331
1409
670
-319
1301
-1764
2003
1956
236
-1619
-1885
125
1130
-1791
-1519
-1890
-1355
-1176
-2033
2030
1096
1671
-608
1900
656
-2038
-2039
-688
1359
837
-1242
-1004
-236
1366
-1574
-1013
1915
374
896
1366
1474
-1710
-720
-973
-2047
1634
-2004
1592
667
-623
1004
997
-807
-1962
1972
2014
1104
-830
-1929
656
583
-1695
-1081
-727
-1827
-192
-2017
2046
-1506
1595
32
1944
478
-2035
-1490
-699
-470
-823
-1457
252
-512
1392
-1705
48
1746
-196
-1138
1449
-685
-1566
-1663
347
-2019
1715
-2010
1301
1061
104
382
1043
319
-1977
1878
1894
534
-1530
-1907
1064
776
-1995
-997
-1729
-1773
-16
-1950
2046
-1355
1110
-184
1052
-173
-1977
-1918
145
1004
-339
-1373
192
-1216
834
-1818
-497
2018
451
-706
-1149
-1247
-1192
-706
-820
-2047
1211
-1786
-108
1499
1652
-451
1336
1078
-1414
1742
1311
1802
-436
374
932
-1224
-1813
-752
-1946
-1528
634
-1909
2033
1234
-1506
-268
883
1127
-1882
1416
985
-1490
-1611
-1735
1791
1031
1308
-1796
638
1830
129
-1184
-1510
-1715
659
619
844
-1960
1377
-1913
1488
1648
1833
-830
1756
1279
-1600
1782
1945
268
-1231
-1366
1284
-994
-1985
-1211
-1974
-1208
1495
-1976
2038
925
-188
-1061
-192
121
-2013
-1049
362
-906
-1896
-1877
1973
-292
579
-1894
-820
1935
256
-470
-1780
-1881
1143
1364
84
-2047
1069
-2005
1548
1697
1405
173
1505
-264
-1983
1784
1889
1192
-527
-1453
850
1043
-1488
-1019
-1975
-1704
967
-1929
2042
-1521
1401
-24
538
870
-1825
-534
772
-1187
-1539
-1691
1718
1252
157
-1938
-847
2009
236
-374
-1568
-1834
1269
627
-979
-2030
1138
-1860
504
1474
823
327
538
474
-1943
1761
1651
769
-428
-854
374
627
-1192
-504
-1884
-1422
893
-1903
2038
-954
100
1182
1449
586
-1667
-941
755
-941
-1154
-1277
220
451
762
-1732
-276
1951
-428
-1259
-932
-519
-702
-474
-807
-1999
1600
