0 0 1098
0 1 2047
0 2 1053
1 0 -601
1 1 -180
1 2 -248
2 0 886
2 1 947
2 2 -739
3 0 1686
3 1 1749
3 2 933
4 0 178
4 1 263
4 2 1529
5 0 -224
5 1 583
5 2 -110
6 0 -133
6 1 2047
6 2 -484
7 0 1001
7 1 1583
7 2 1253
8 0 668
8 1 1802
8 2 1177
9 0 106
9 1 563
9 2 -104
10 0 268
10 1 1430
10 2 515
11 0 1471
11 1 2047
11 2 2047
12 0 1037
12 1 1789
12 2 1461
13 0 908
13 1 1335
13 2 246
14 0 -435
14 1 1235
14 2 -27
15 0 -782
15 1 799
15 2 719
16 0 2047
16 1 2047
16 2 1270
17 0 2001
17 1 2047
17 2 2047
18 0 2047
18 1 1816
18 2 1190
19 0 970
19 1 1712
19 2 -423
20 0 2047
20 1 2047
20 2 301
21 0 1550
21 1 2047
21 2 1241
22 0 314
22 1 1309
22 2 321
23 0 1141
23 1 1123
23 2 -1198
24 0 2047
24 1 2047
24 2 356
25 0 1623
25 1 2047
25 2 1121
26 0 941
26 1 1304
26 2 1051
27 0 1296
27 1 1503
27 2 327
28 0 2047
28 1 2047
28 2 1199
29 0 1420
29 1 525
29 2 -86
30 0 1541
30 1 2047
30 2 1427
31 0 -82
31 1 91
31 2 -216
32 0 1783
32 1 985
32 2 -66
33 0 755
33 1 2047
33 2 -132
34 0 1655
34 1 800
34 2 751
35 0 424
35 1 605
35 2 -552
36 0 2047
36 1 1093
36 2 -434
37 0 106
37 1 -172
37 2 -712
38 0 301
38 1 -246
38 2 -198
39 0 108
39 1 1856
39 2 -486
40 0 2047
40 1 1033
40 2 -212
41 0 1243
41 1 -183
41 2 -775
42 0 1394
42 1 600
42 2 1349
43 0 2047
43 1 1744
43 2 772
44 0 1998
44 1 1860
44 2 2047
45 0 2047
45 1 -854
45 2 494
46 0 1441
46 1 673
46 2 2008
47 0 1062
47 1 1134
47 2 810
48 0 1042
48 1 -757
48 2 1109
49 0 428
49 1 1414
49 2 1290
50 0 -38
50 1 497
50 2 1566
51 0 2047
51 1 977
51 2 -375
52 0 1512
52 1 -371
52 2 -929
53 0 -127
53 1 -240
53 2 -706
54 0 434
54 1 263
54 2 -267
55 0 1203
55 1 1013
55 2 384
56 0 1651
56 1 -77
56 2 -1577
57 0 105
57 1 826
57 2 -971
58 0 2036
58 1 1711
58 2 1296
59 0 1793
59 1 867
59 2 2047
60 0 164
60 1 614
60 2 -1296
61 0 232
61 1 73
61 2 51
62 0 2047
62 1 1118
62 2 805
63 0 1063
63 1 1616
63 2 2047
64 0 2047
64 1 -225
64 2 1741
65 0 772
65 1 779
65 2 483
66 0 2047
66 1 817
66 2 -894
67 0 1245
67 1 42
67 2 -511
68 0 1796
68 1 631
68 2 -264
69 0 642
69 1 401
69 2 149
70 0 2047
70 1 1351
70 2 578
71 0 1748
71 1 1553
71 2 1389
72 0 1365
72 1 -701
72 2 -146
73 0 591
73 1 654
73 2 648
74 0 2047
74 1 2047
74 2 633
75 0 2047
75 1 2047
75 2 2047
76 0 2047
76 1 2047
76 2 1411
77 0 1734
77 1 842
77 2 590
78 0 2047
78 1 1172
78 2 1743
79 0 789
79 1 2047
79 2 1704
80 0 2047
80 1 2047
80 2 1901
81 0 894
81 1 933
81 2 2047
82 0 1103
82 1 841
82 2 81
83 0 401
83 1 -516
83 2 -1054
84 0 1937
84 1 1556
84 2 599
85 0 1508
85 1 1110
85 2 1354
86 0 1184
86 1 778
86 2 455
87 0 1729
87 1 240
87 2 758
88 0 2047
88 1 690
88 2 706
89 0 1561
89 1 1512
89 2 1431
90 0 1867
90 1 1544
90 2 -142
91 0 1448
91 1 793
91 2 728
92 0 1608
92 1 1838
92 2 1715
93 0 1544
93 1 1018
93 2 724
94 0 2047
94 1 2047
94 2 964
95 0 -149
95 1 1968
95 2 891
96 0 1659
96 1 1321
96 2 -858
97 0 -530
97 1 1303
97 2 -784
98 0 651
98 1 484
98 2 -1459
99 0 711
99 1 1986
99 2 -906
100 0 1974
100 1 801
100 2 -572
101 0 -387
101 1 -419
101 2 -259
102 0 748
102 1 214
102 2 -661
103 0 2032
103 1 1919
103 2 -1025
104 0 2047
104 1 -792
104 2 -1324
105 0 -368
105 1 -13
105 2 -72
106 0 651
106 1 1063
106 2 -337
107 0 432
107 1 2047
107 2 -451
108 0 2047
108 1 -124
108 2 629
109 0 1729
109 1 346
109 2 219
110 0 2047
110 1 2047
110 2 1494
111 0 1387
111 1 1684
111 2 665
112 0 1362
112 1 -853
112 2 -1055
113 0 -127
113 1 233
113 2 -1096
114 0 -46
114 1 1071
114 2 -1552
115 0 444
115 1 2047
115 2 -673
116 0 1218
116 1 472
116 2 -2048
117 0 1644
117 1 -54
117 2 -716
118 0 2047
118 1 595
118 2 661
119 0 1861
119 1 319
119 2 692
120 0 193
120 1 338
120 2 -1257
121 0 895
121 1 506
121 2 -201
122 0 967
122 1 554
122 2 -961
123 0 812
123 1 1424
123 2 1008
124 0 -442
124 1 814
124 2 -98
125 0 1226
125 1 1400
125 2 259
126 0 2047
126 1 1611
126 2 932
127 0 1222
127 1 934
127 2 1948
128 0 1516
128 1 -333
128 2 434
129 0 -177
129 1 1200
129 2 -2042
130 0 2047
130 1 872
130 2 111
131 0 1138
131 1 189
131 2 -404
132 0 1482
132 1 -247
132 2 -604
133 0 2047
133 1 507
133 2 367
134 0 2047
134 1 67
134 2 1766
135 0 2047
135 1 1273
135 2 660
136 0 1866
136 1 -429
136 2 245
137 0 1462
137 1 237
137 2 1366
138 0 2047
138 1 -700
138 2 1437
139 0 2047
139 1 2047
139 2 1999
140 0 2047
140 1 576
140 2 2047
141 0 2002
141 1 783
141 2 2047
142 0 2047
142 1 886
142 2 1606
143 0 2047
143 1 2047
143 2 2047
144 0 2047
144 1 2047
144 2 -566
145 0 1402
145 1 197
145 2 971
146 0 467
146 1 1022
146 2 945
147 0 1621
147 1 -592
147 2 -517
148 0 2047
148 1 1390
148 2 749
149 0 1292
149 1 298
149 2 697
150 0 1570
150 1 1362
150 2 401
151 0 1695
151 1 731
151 2 -357
152 0 1872
152 1 1006
152 2 1533
153 0 1450
153 1 -88
153 2 1159
154 0 1713
154 1 1362
154 2 68
155 0 399
155 1 1256
155 2 415
156 0 2047
156 1 2047
156 2 2047
157 0 2047
157 1 970
157 2 1390
158 0 1376
158 1 1646
158 2 177
159 0 -699
159 1 2047
159 2 554
160 0 2047
160 1 1894
160 2 496
161 0 -733
161 1 673
161 2 462
162 0 833
162 1 -291
162 2 -171
163 0 1415
163 1 2047
163 2 -341
164 0 1754
164 1 1486
164 2 372
165 0 293
165 1 68
165 2 -876
166 0 1582
166 1 1229
166 2 591
167 0 2047
167 1 2047
167 2 756
168 0 2047
168 1 145
168 2 948
169 0 -617
169 1 205
169 2 -685
170 0 1657
170 1 1609
170 2 239
171 0 1988
171 1 2047
171 2 644
172 0 2018
172 1 1080
172 2 1208
173 0 1407
173 1 1679
173 2 349
174 0 2047
174 1 2047
174 2 595
175 0 341
175 1 2047
175 2 1025
176 0 1588
176 1 803
176 2 -1195
177 0 220
177 1 -638
177 2 -970
178 0 979
178 1 1979
178 2 -400
179 0 54
179 1 1432
179 2 1924
180 0 174
180 1 829
180 2 -497
181 0 1592
181 1 422
181 2 -536
182 0 2047
182 1 2047
182 2 447
183 0 1514
183 1 1161
183 2 1192
184 0 153
184 1 556
184 2 882
185 0 814
185 1 -3
185 2 -407
186 0 1560
186 1 1823
186 2 325
187 0 1136
187 1 1433
187 2 1084
188 0 -463
188 1 1211
188 2 753
189 0 804
189 1 1592
189 2 54
190 0 1134
190 1 507
190 2 -547
191 0 666
191 1 2030
191 2 595
192 0 807
192 1 591
192 2 1561
193 0 -361
193 1 474
193 2 -845
194 0 558
194 1 -85
194 2 568
195 0 297
195 1 -417
195 2 40
196 0 488
196 1 296
196 2 1067
197 0 532
197 1 94
197 2 978
198 0 541
198 1 220
198 2 1646
199 0 2047
199 1 1521
199 2 1060
200 0 257
200 1 -271
200 2 405
201 0 -215
201 1 -462
201 2 608
202 0 -123
202 1 -178
202 2 1197
203 0 1479
203 1 1572
203 2 330
204 0 717
204 1 1464
204 2 1087
205 0 42
205 1 -555
205 2 334
206 0 333
206 1 -326
206 2 1439
207 0 661
207 1 1882
207 2 -935
208 0 2047
208 1 1601
208 2 -647
209 0 1381
209 1 -275
209 2 315
210 0 1063
210 1 1302
210 2 946
211 0 922
211 1 -1425
211 2 -848
212 0 1041
212 1 2047
212 2 159
213 0 2047
213 1 -262
213 2 134
214 0 1836
214 1 929
214 2 1089
215 0 1349
215 1 1139
215 2 367
216 0 1332
216 1 2047
216 2 -304
217 0 1322
217 1 -557
217 2 -241
218 0 1061
218 1 924
218 2 11
219 0 654
219 1 1269
219 2 77
220 0 -80
220 1 1170
220 2 -171
221 0 829
221 1 -320
221 2 82
222 0 1059
222 1 1248
222 2 552
223 0 -1364
223 1 351
223 2 -1193
224 0 1283
224 1 883
224 2 -4
225 0 345
225 1 -563
225 2 1527
226 0 1696
226 1 452
226 2 902
227 0 296
227 1 2047
227 2 484
228 0 939
228 1 1829
228 2 2027
229 0 1724
229 1 1059
229 2 1332
230 0 2047
230 1 1643
230 2 1463
231 0 1628
231 1 1634
231 2 2002
232 0 1122
232 1 1258
232 2 1076
233 0 1264
233 1 1585
233 2 540
234 0 2047
234 1 2036
234 2 986
235 0 1406
235 1 1994
235 2 2047
236 0 2047
236 1 995
236 2 1052
237 0 1273
237 1 2040
237 2 681
238 0 2047
238 1 1885
238 2 579
239 0 961
239 1 1655
239 2 1280
240 0 99
240 1 337
240 2 -903
241 0 1291
241 1 497
241 2 120
242 0 1056
242 1 2047
242 2 1294
243 0 1202
243 1 1294
243 2 2047
244 0 1343
244 1 1687
244 2 2047
245 0 1808
245 1 1930
245 2 1523
246 0 2047
246 1 2047
246 2 2047
247 0 2047
247 1 1965
247 2 2047
248 0 1203
248 1 1283
248 2 2039
249 0 1910
249 1 1653
249 2 1103
250 0 2047
250 1 2047
250 2 1506
251 0 2047
251 1 2047
251 2 2047
252 0 670
252 1 1213
252 2 1696
253 0 1468
253 1 1540
253 2 671
254 0 2047
254 1 1471
254 2 396
255 0 1870
255 1 1665
255 2 1544
