-39
526
-133
865
698
-98
188
-79
-100
-16
1119
986
-130
-33
-93
136
293
190
480
-105
1383
-128
191
-133
-39
-64
-93
-88
9
7
-66
-134
-75
119
327
1072
-73
682
-126
-103
-28
462
1315
752
343
172
-116
1648
-64
116
703
104
-3
-32
244
-61
-133
645
946
-131
-72
-107
-85
23
567
414
642
-114
407
-134
507
-56
-122
-131
-115
-133
787
-43
554
-87
-99
455
184
735
-9
742
-106
572
-60
294
-82
143
14
262
-117
528
-16
400
601
472
210
-110
-7
-54
-110
42
541
176
-104
-102
-95
71
640
224
410
-133
1067
-99
308
-120
62
-132
-120
-133
628
-45
6
-130
-108
-58
104
567
-68
743
-130
-28
-32
1022
332
361
-111
423
-115
434
-14
292
-103
148
7
122
-61
-82
-132
-89
158
-1
-113
-131
-111
-61
103
94
148
-106
587
-134
29
-122
-22
-134
-132
-133
176
18
-2
-106
-127
98
209
782
180
816
-117
40
-105
196
39
205
115
-6
-130
224
201
68
298
331
356
-53
25
-92
-133
95
731
1021
50
327
-97
376
567
288
476
-123
181
-99
678
-111
157
-134
-134
-119
556
858
501
-133
-121
620
41
39
752
797
-63
362
-125
1251
1430
1089
796
603
-122
303
-77
420
139
-103
-21
131
88
-92
-132
-86
820
-105
-129
-134
-69
-101
484
217
524
-61
194
159
328
-113
-115
-125
-121
-95
131
659
902
-98
-35
211
573
172
189
781
-122
389
-93
157
96
594
676
55
-115
35
-121
95
121
208
357
-84
-95
-125
-109
-61
324
-130
-134
-63
-76
-109
-129
-2
765
-131
34
32
636
-121
-108
-113
-118
-118
34
347
-106
-106
-128
-26
130
147
-39
649
-134
97
-46
25
-128
178
-117
215
-132
63
-109
219
-74
-52
-14
-107
61
-115
-118
86
175
-128
-104
-90
-115
-69
107
312
85
-129
331
-134
-33
-130
-30
-129
-89
-121
10
215
8
-133
-124
-16
205
706
-48
743
-134
120
-68
107
-103
213
207
66
-130
371
-30
-21
-106
-132
334
-132
-3
-126
-84
-131
61
-79
-133
-114
-113
-75
-29
346
-105
-92
425
49
473
-131
-126
-117
-131
-128
125
805
-83
-116
-106
-8
164
39
-38
713
-81
-49
-71
-101
64
106
-133
523
-132
129
203
198
139
10
227
504
489
-108
-133
-119
993
48
-118
103
-71
-59
185
972
305
-38
634
-128
127
-129
173
-133
-129
-114
573
1059
521
-74
-93
134
594
138
163
483
-117
105
-108
698
479
455
763
145
-130
67
-71
77
263
224
-58
-83
-63
-126
-28
-92
293
-109
-130
163
-107
-28
3
236
183
-111
499
-105
68
-133
127
-134
-117
-133
-30
696
6
-134
-124
-52
172
190
47
672
-102
-29
-83
247
-89
29
-110
35
-129
72
249
453
410
579
618
330
98
-74
-89
48
233
342
-101
316
-96
45
474
500
441
-95
435
-130
107
-130
363
-133
-76
-99
431
176
524
-116
-120
636
72
493
202
813
-104
381
-53
586
229
672
355
180
-86
111
884
1771
130
-47
252
1038
536
-87
-36
-51
202
439
-70
-31
-61
572
1210
13
440
-126
394
-134
379
-134
-111
-126
-132
-109
925
259
1370
-49
-66
542
340
450
910
853
-112
1293
-113
742
-37
1055
1369
-63
-116
59
1988
2047
719
212
113
999
1490
-42
265
55
255
403
-133
1486
-39
446
1839
575
222
-71
129
-102
761
-91
645
-106
-116
-68
837
3
2047
-42
-23
683
456
778
1136
833
-87
1843
-58
1778
77
431
2047
-82
-92
286
864
1471
277
25
16
849
182
-88
129
-57
17
69
-134
500
-115
204
704
193
232
-128
305
-130
528
-134
214
-134
-129
-97
602
24
1402
-70
-70
526
84
567
1076
911
-105
847
-75
541
-84
582
983
104
-115
150
572
237
-131
-4
-2
-49
565
-130
-102
38
116
49
-127
-121
-112
-121
101
115
-36
-132
108
-134
91
-134
-132
-129
-133
-113
-102
267
476
-129
-87
-121
239
732
144
800
-133
132
-98
-133
-124
-76
252
0
-116
202
