151
442
1311
72
-89
-131
-105
-83
422
1843
1361
1103
1015
578
-132
792
102
-115
-119
-2
-112
-80
-36
1053
415
-134
-118
-87
-24
1221
1889
-18
-65
-57
494
-82
-126
273
107
-58
1637
1405
865
-104
830
-126
648
-118
263
600
363
6
-91
29
-101
163
365
748
515
58
154
1208
-63
497
922
-134
241
-38
-83
-102
-127
440
195
-133
-86
-82
-65
305
1218
-29
81
-73
-123
-112
-111
792
-113
-96
977
641
444
-133
-112
-131
-21
-105
149
1183
636
177
-133
-91
-133
107
104
1353
701
153
643
1093
-101
449
499
-89
418
-8
-87
-129
-102
504
245
-134
-74
-63
-35
89
1661
-29
-133
-50
-49
-129
-128
721
-114
-125
990
449
567
-130
293
-46
259
-92
917
422
527
-2
96
-69
-134
329
141
1316
716
574
555
1877
-38
249
492
-123
80
-49
-95
184
-115
960
850
-127
-123
-91
-44
795
1196
-59
9
-89
217
-114
-123
736
151
-127
770
548
787
481
763
-17
506
-128
-42
515
120
309
-52
273
-46
643
-123
867
-106
144
937
43
166
1894
54
-60
271
-51
-113
-92
-31
679
-77
-106
-71
-98
-34
-5
574
-97
-134
-102
-90
-38
-113
633
-99
-129
614
226
-130
-87
338
-134
346
-108
90
614
-126
636
-37
396
-53
545
-130
925
-34
677
284
-130
64
787
593
136
564
-21
-54
-94
-128
501
-1
-114
-41
-22
-21
265
120
-63
47
-64
124
-55
-77
815
-134
-82
687
241
522
15
112
-127
-28
-51
677
728
-32
492
-131
481
-133
238
75
346
-93
54
131
-73
307
522
193
449
529
-90
-67
-126
-113
75
-50
-90
-82
-71
-58
374
487
-44
-47
-75
-128
-93
-129
586
-130
-128
350
350
39
-117
74
617
-87
-104
393
415
481
251
168
-42
-133
84
-41
970
-70
415
396
1253
5
120
467
-134
238
-35
-79
-20
-134
684
802
-108
-106
-76
-53
880
557
-61
28
-82
149
-133
-128
716
-39
-68
675
460
545
257
692
37
-86
-100
286
890
60
355
123
5
-58
221
-122
564
-132
404
872
-133
-121
1246
134
-19
128
-51
-87
89
-103
696
404
-72
-118
-52
-74
499
497
-78
-92
-69
121
-69
-134
736
-129
-120
293
1010
-128
-120
564
149
224
-64
-6
1529
13
641
-68
182
-50
208
-115
1058
-95
531
910
-125
-9
1120
467
-77
665
-7
-38
-42
-66
168
548
-99
-38
-20
-32
305
228
-35
198
-27
-120
-23
-76
1333
-115
-23
835
780
204
-133
336
-127
-117
-45
458
1183
156
531
-107
43
-52
372
-89
567
-111
560
621
-81
60
451
617
113
344
-24
-61
-32
-132
238
365
-109
-70
-28
-50
249
444
-53
41
-48
107
-114
-92
524
-130
-120
723
504
469
-3
631
560
-134
-66
391
1035
282
624
-134
-56
-89
462
-84
922
-132
571
278
1241
338
411
206
-129
321
-21
-69
-109
-102
667
692
-134
-76
-80
-27
862
456
-59
197
-79
-127
-120
-127
1043
-124
-93
1075
385
170
83
867
-48
-109
-107
1428
407
-21
81
-100
-97
-78
485
1472
1178
-47
1103
188
-17
569
1037
1133
-120
297
-27
-89
-71
-75
696
643
-100
-30
-67
-5
365
753
-128
-86
-99
-80
-129
-124
1191
-17
-69
2047
588
-126
184
175
-77
667
-133
1328
435
-131
342
-38
-91
-84
1452
1549
1390
-35
1288
86
-81
1156
478
1546
-133
65
-6
-86
-42
-50
947
600
-71
-2
-17
0
-120
442
-130
-81
-49
-3
-44
-80
1338
-1
-43
2047
538
-54
517
9
-28
-132
-133
1666
361
-110
-95
-101
-64
-93
970
1301
890
-51
1278
226
5
311
517
882
-74
19
-34
-114
-97
-96
785
842
-92
-42
-69
-10
182
711
-114
-134
-107
-41
-120
-126
1022
-36
-125
1720
317
-84
478
75
-132
133
-132
885
396
253
113
78
39
105
200
617
997
-119
286
259
875
58
136
206
-106
89
-95
-81
-34
-134
855
1308
-118
-131
-89
-46
633
1060
-99
17
-97
-128
-112
-132
875
-89
-80
750
307
393
581
483
-79
-55
-134
