417
791
184
271
172
73
1050
444
-137
150
-46
41
606
225
68
-191
641
2004
501
-49
2047
884
1024
912
-92
601
57
620
-178
629
759
-3
530
842
1199
273
1271
905
75
612
595
536
628
-5
533
1186
-192
979
-355
-57
15
36
93
317
450
-203
89
260
67
-157
59
-7
21
-53
-108
-42
268
8
359
-133
158
-248
-250
-42
44
249
339
-473
107
169
561
753
103
284
799
-16
-78
589
30
-12
954
196
55
1
-67
629
207
578
11
195
109
522
1201
18
-335
-2
-18
0
-114
25
18
202
0
314
55
10
596
-38
9
129
263
-29
-10
185
-103
97
5
173
540
553
10
14
758
104
-48
219
8
-25
383
96
143
779
-213
29
-137
83
-7
-75
52
194
60
-171
-258
-31
264
151
11
15
25
-102
481
866
251
129
1157
-144
188
30
488
119
23
-2
-22
39
0
195
731
130
28
2
527
140
-64
223
28
-8
457
84
380
48
-104
-10
240
319
-103
164
38
-726
281
1015
867
13
102
204
-55
144
-15
577
401
63
461
100
-52
128
723
184
427
318
99
-264
-138
25
216
6
114
11
457
101
-36
326
238
618
81
185
-12
169
442
486
19
576
106
107
22
17
525
400
90
521
926
699
8
-23
-52
33
587
54
511
-46
155
269
721
423
1036
-13
-178
769
599
-157
77
79
138
220
574
509
13
199
234
147
250
1155
852
685
1110
82
33
70
43
1092
421
253
-70
111
234
186
366
34
172
-89
755
-1
7
529
235
-87
289
64
266
6
271
74
2
274
923
6
111
154
733
-1
832
3
80
347
131
69
127
119
-20
220
517
0
126
101
377
857
41
-27
131
7
75
21
-46
318
449
374
-210
119
294
-207
484
3
0
118
62
590
44
141
1102
309
538
182
92
45
153
-122
665
3
582
315
413
483
213
335
95
26
165
82
509
55
125
4
117
73
-239
-25
-97
-180
66
-312
1109
464
37
769
710
158
101
-59
-7
21
129
-48
-134
52
-21
40
152
527
68
-1
56
28
225
-63
-61
12
-6
354
14
17
93
4
158
52
-110
2
417
46
-42
75
317
39
72
-99
109
401
-9
-170
-64
84
252
-39
568
1236
55
139
13
281
-9
-22
302
182
35
-11
114
3
583
318
788
0
549
218
-592
875
198
512
260
3
67
161
289
-96
6
492
90
0
-19
106
-18
-17
-328
-413
558
432
-36
-9
5
144
261
-128
201
66
97
637
-76
476
209
27
-145
289
-27
55
485
254
-35
8
630
440
38
-118
357
193
214
342
-9
77
-6
201
649
117
-16
44
-16
43
120
-29
181
373
-29
-418
-180
73
75
102
180
-65
560
448
-161
323
167
251
-14
5
69
1
118
555
1
3
617
87
-33
25
981
-8
58
-114
794
23
393
18
693
326
-14
24
43
7
30
814
5
287
6
104
246
334
-170
100
1144
145
11
-46
0
42
47
123
-71
742
776
214
57
40
218
167
41
609
-11
96
933
-160
379
358
1605
722
83
360
-2
269
-40
326
827
-34
148
183
-12
-20
151
0
211
286
-9
725
83
441
-14
746
591
333
324
289
-21
102
-11
-6
-175
1371
412
301
133
-2
58
259
53
54
8
-37
823
-198
910
98
2047
155
70
-121
77
259
306
91
1261
-59
92
109
-24
-30
759
1083
282
741
98
1322
-8
34
0
740
8
158
55
-69
54
-24
0
126
-151
702
60
-2
345
0
25
146
9
393
8
-15
992
-116
391
15
1879
270
28
-93
385
13
0
183
969
-1
315
51
-41
-6
186
210
27
818
52
560
47
235
-4
864
317
317
4
-9
159
79
262
8
-99
39
7
38
2
63
18
-1
174
328
256
121
577
410
712
4
304
26
-1
-25
198
311
47
22
189
30
-14
-1
2
7
-83
370
1145
16
9
217
22
-71
3
193
