-77
586
-594
869
732
-241
258
-1183
-993
-30
1074
967
-681
-63
-1055
197
370
260
545
-944
1288
-709
261
-481
-77
-136
-1052
-205
15
12
-139
-562
-1215
176
403
1036
-158
718
-389
-258
-1823
529
1233
776
419
240
-838
1506
-136
172
736
156
-6
-61
319
-1355
-603
687
934
-442
-1244
-275
-1127
39
621
486
685
-858
479
-557
569
-1420
-363
-654
-854
-590
805
-85
610
-1110
-998
523
254
762
-16
768
-940
625
-1376
371
-186
205
24
338
-835
587
-30
473
650
538
283
-292
-13
-1437
-292
69
599
244
-953
-257
-1032
112
683
298
482
-500
1032
-997
385
-800
99
-631
-801
-500
673
-89
11
-672
-281
-119
157
621
-144
769
-678
-54
-1759
996
408
436
-296
494
-849
504
-25
369
-259
211
12
180
-126
-1148
-460
-208
224
-2
-876
-451
-886
-128
155
143
212
-933
638
-516
48
-357
-41
-544
-642
-596
245
31
-4
-940
-716
148
282
801
249
829
-328
66
-944
267
65
277
170
-10
-680
298
273
108
375
407
431
-107
42
-218
-616
144
759
995
81
403
-1014
450
621
365
542
-366
250
-243
715
-889
222
-572
-509
-812
612
863
564
-497
-792
666
67
65
776
813
-1338
437
-738
1181
1327
1050
812
652
-775
380
-171
491
200
-258
-40
191
135
-1062
-463
-198
832
-267
-684
-561
-1278
-253
549
290
584
-1357
265
225
404
-873
-853
-748
-787
-1036
191
699
899
-1009
-1709
284
626
240
259
800
-780
462
-1049
222
146
644
713
89
-854
58
-356
144
178
280
432
-190
-230
-748
-907
-126
400
-670
-564
-1341
-1205
-908
-425
-3
787
-452
57
54
680
-793
-920
-871
-817
-824
56
423
-273
-934
-414
-49
189
210
-76
691
-545
147
-1534
42
-707
247
-325
288
-632
100
-287
292
-162
-106
-25
-276
98
-855
-826
133
243
-407
-951
-212
-855
-148
160
389
131
-687
407
-532
-64
-439
-58
-692
-1091
-788
18
288
14
-618
-754
-29
277
738
-97
769
-586
177
-1285
160
-259
286
279
104
-674
446
-58
-40
-273
-468
410
-640
-6
-726
-191
-455
98
-175
-591
-863
-873
-165
-55
422
-269
-1063
496
79
539
-659
-737
-828
-455
-704
183
820
-188
-847
-938
-15
230
65
-74
744
-1159
-99
-1261
-253
102
159
-487
583
-626
188
275
269
201
18
301
566
553
-918
-604
-338
972
78
-819
155
-1256
-121
255
955
382
-1660
678
-411
186
-694
241
-482
-695
-859
626
1026
581
-1226
-1050
194
644
199
229
548
-830
158
-922
732
544
523
785
208
-677
106
-154
120
339
298
-119
-189
-131
-726
-53
-218
370
-287
-668
229
-931
-52
5
311
253
-894
562
-266
107
-621
186
-535
-830
-613
-57
730
11
-581
-760
-105
240
260
76
710
-971
-56
-1143
322
-208
49
-288
58
-694
113
325
521
482
631
665
406
148
-1224
-209
78
308
418
-984
393
-1029
73
540
563
510
-1034
505
-671
160
-441
438
-612
-1205
-1000
501
244
584
-843
-796
680
113
557
274
826
-958
455
-1455
637
303
710
430
249
-1112
166
884
1609
189
-94
328
1009
594
-1107
-69
-104
274
508
-151
-59
-1359
625
1148
23
509
-729
467
-572
453
-513
-296
-730
-641
-913
917
335
1278
-1503
-1310
600
416
518
905
859
-879
1215
-871
768
-71
1022
1277
-133
-843
94
1792
2047
749
285
168
977
1376
-1591
341
89
331
475
-502
1373
-1633
515
1666
628
296
-1254
188
-972
784
-1069
687
-939
-847
-1284
846
6
1896
-1600
-1937
719
524
798
1088
843
-1106
1669
-1390
1615
120
501
1939
-186
-1066
363
868
1360
354
42
28
856
251
-1100
188
-117
30
109
-556
563
-848
276
737
264
307
-697
382
-679
587
-567
287
-573
-687
-1021
651
40
1304
-1263
-1268
586
130
621
1039
906
-945
854
-1216
599
-191
634
964
156
-856
214
625
312
-660
-7
-3
-99
619
-431
-257
63
172
80
-720
-354
-885
-789
152
170
-69
-624
162
-522
139
-567
-473
-691
-492
-869
-256
343
542
-685
-1104
-352
314
760
207
816
-620
192
-1010
-480
-371
-166
328
0
-321
274
