106
252
606
56
-536
-223
-466
-93
243
823
626
523
488
311
-309
399
76
-422
-166
-1573
-435
-89
-834
503
240
-271
-404
-544
-947
570
842
-1025
-650
-694
275
-568
-363
172
79
-687
738
644
428
-472
414
-358
340
-405
167
320
216
5
-106
24
-485
113
217
381
284
46
108
565
-65
276
451
-271
156
-814
-562
-480
-352
251
131
-293
-548
-567
-648
188
569
-895
62
-612
-181
-435
-439
399
-151
-506
473
337
253
-243
-149
-220
-19
-466
105
555
335
121
-293
-105
-299
79
77
623
362
107
338
519
-124
255
277
-103
241
-1233
-545
-339
-480
279
158
-287
-607
-660
-838
67
748
-890
-246
-733
-49
-340
-345
370
-152
-368
478
255
306
-215
182
-45
165
-522
449
243
289
-2
72
-73
-275
200
100
608
368
309
301
837
-36
160
274
-378
61
-741
-511
125
-418
466
422
-198
-378
-527
-772
400
560
-682
8
-538
143
-153
-181
376
106
-356
390
298
397
269
387
-15
280
-346
-41
284
87
190
-723
172
-760
338
-180
429
-460
102
457
35
115
844
43
-62
171
-730
-150
-522
-871
353
-84
-461
-621
-498
-845
-4
309
-501
-286
-479
-532
-812
-428
334
-494
-336
326
148
-215
-544
204
-258
208
-453
68
326
-194
335
-35
231
-717
297
-328
452
-845
352
178
-216
50
397
317
97
305
-980
-712
-110
-344
278
-1
-427
-793
-971
-984
168
87
-659
38
-657
90
-704
-589
408
-253
-568
356
156
287
13
82
-357
-26
-726
352
373
-30
274
-218
269
-237
154
58
208
-520
43
94
-78
189
287
130
255
290
-532
-637
-363
-150
58
-50
-531
-568
-621
-687
221
272
-774
-46
-601
-204
-521
-336
314
-217
-201
210
210
32
-160
57
327
-99
-469
230
240
269
161
116
-41
-237
64
-40
470
-74
240
231
583
4
87
263
-262
154
-837
-582
-18
-265
355
403
-138
-463
-594
-717
434
302
-671
23
-566
105
-295
-348
368
-37
-635
351
260
297
164
358
30
-98
-486
179
438
47
212
89
4
-689
145
-178
305
-315
235
431
-249
-175
580
96
-17
92
-729
-545
67
-475
360
235
-615
-405
-721
-605
277
276
-588
-108
-627
88
-627
-250
376
-209
-395
182
486
-203
-393
305
105
147
-656
-5
694
11
337
-71
124
-731
138
-419
505
-512
291
446
-190
-8
530
263
-84
347
-1267
-814
-41
-643
116
298
-493
-814
-1001
-868
188
149
-837
133
-911
-394
-963
-595
615
-422
-960
416
394
136
-300
203
-196
-411
-765
259
555
109
291
-136
35
-724
220
-102
306
-441
303
329
-90
47
256
327
83
207
-950
-668
-30
-227
154
217
-446
-625
-898
-733
160
253
-717
33
-743
79
-427
-524
288
-214
-395
371
279
264
-3
333
303
-272
-646
229
496
177
330
-261
-56
-535
261
-95
451
-312
308
175
578
204
238
137
-209
196
-979
-631
-446
-481
348
358
-256
-594
-578
-912
427
258
-682
132
-581
-196
-394
-197
499
-374
-520
512
226
117
63
429
-47
-140
-456
653
236
-19
62
-487
-117
-587
271
671
553
-751
523
127
-15
307
497
535
-397
184
-908
-537
-617
-599
360
338
-487
-887
-641
-1361
217
383
-349
-552
-491
-575
-338
-185
558
-1043
-627
1083
315
-192
125
120
-589
348
-302
613
249
-320
206
-816
-105
-558
663
702
638
-840
597
65
-90
544
268
701
-241
51
-1312
-551
-783
-732
461
320
-619
-1530
-1046
-1971
-171
252
-335
-571
-742
-1454
-773
-579
617
-1706
-779
1209
294
-54
285
8
-901
-307
-295
750
215
-143
-113
-485
-67
-109
470
602
438
-730
593
148
4
191
285
435
-80
16
-846
-426
-501
-504
396
419
-522
-784
-629
-1165
124
366
-425
-255
-458
-796
-172
-192
491
-833
-368
772
194
-95
268
58
-316
95
-315
436
231
162
83
60
32
78
134
327
481
-166
179
165
432
46
97
137
-134
67
-510
-574
-32
-252
424
605
-164
-322
-538
-758
334
506
-494
14
-502
-205
-148
-317
432
-103
-579
382
189
230
312
270
-87
-55
-276
