-175
46
-88
-26
295
1047
-1014
611
269
-411
403
-253
-750
1071
-70
-266
355
-509
-356
187
553
-199
491
78
-914
-766
-418
-165
1305
792
-710
1318
18
-633
-39
-1170
-510
1192
-202
262
-55
-1091
-64
-411
7
-1373
-266
-884
3
-35
-127
220
173
67
-200
244
9
-64
317
380
-406
497
612
53
347
-292
321
-142
-137
-47
41
-84
-486
-812
325
454
-23
-607
125
1490
382
-640
132
-695
-320
957
-124
47
-128
312
-207
-184
-26
645
-85
-86
-188
169
119
93
-52
73
-348
-163
7
-23
16
285
-557
862
321
96
461
-196
43
-440
280
-204
7
58
-1016
-738
274
333
148
-239
-550
1588
138
-284
290
-806
-309
1234
-261
0
-323
-101
-305
-379
133
-372
-214
-418
12
162
43
70
-11
24
-391
-18
-1207
-120
195
-209
-841
760
-52
-972
199
-244
-171
154
539
-161
96
35
-876
-609
411
55
79
-225
-58
1270
199
-214
-171
-761
-434
2047
-217
-6
-31
-1000
-277
-129
111
-283
-51
-263
-210
253
-16
-117
194
579
-862
490
269
38
354
28
-21
21
88
-281
722
-107
-226
-249
404
-266
402
-399
-151
-381
707
456
1096
-894
58
5
37
82
-56
-640
-95
590
-210
430
-132
-371
-701
-304
473
97
-276
-218
-114
-44
82
-95
152
77
-171
554
84
-107
94
79
-76
18
206
389
323
-188
-7
135
71
-17
290
-478
-249
-194
778
-3
-144
-429
-497
-94
172
-88
23
-118
-15
-75
-20
16
103
435
-491
-256
-590
-497
-59
565
-288
-82
305
122
107
-223
-231
-309
9
-338
-222
69
51
112
161
26
255
-237
563
-336
244
-153
-275
-10
-277
-88
494
127
102
-196
-69
-45
79
-123
-209
-103
4
-87
110
227
9
-52
-177
-173
321
249
-380
-755
-200
-99
312
-134
-194
226
-251
-108
-1131
-449
292
-302
-218
14
49
-881
-61
-284
-35
69
615
-199
112
-91
-112
-563
93
-123
118
90
-267
-32
230
-357
70
-457
-299
1124
-90
14
-33
-901
-287
-265
143
-487
-72
-418
-76
166
-62
222
-42
377
-716
200
348
-169
236
-291
-52
59
-50
-142
190
-13
23
37
279
-77
352
124
-231
-524
-233
49
994
-88
150
4
259
-67
-7
-859
-127
460
44
276
-11
-284
-526
-122
270
-298
86
-57
-261
398
138
-329
393
117
-316
-23
104
-105
45
44
-3
324
154
607
245
-234
-579
-320
48
19
340
-110
-365
-717
-166
186
11
-173
-385
58
411
-407
123
-319
-176
165
58
106
-298
273
-775
-472
-345
-54
-241
534
-246
155
6
47
2
-205
-420
-356
148
-42
-269
-81
-236
542
-24
-138
39
-153
187
-174
308
-57
-249
146
-467
-390
-1
-2
10
26
-135
212
218
-332
63
-365
22
-55
26
-75
-80
-53
-376
-71
-158
2
-82
-454
-301
284
222
96
-137
-4
-461
-269
-1006
-125
181
217
-214
158
44
-792
234
-423
370
-493
556
-409
38
-170
-215
-547
227
344
39
-211
-9
15
225
-208
51
-476
-235
1201
-350
335
-311
-784
-415
-218
300
61
-430
-465
-321
135
78
37
58
1178
-929
-90
177
-706
533
-160
22
-591
162
-70
382
-1033
146
-245
37
-349
-12
-406
65
-393
-209
-57
1117
124
-24
191
456
-1827
197
-900
-1619
545
-600
166
647
-245
-423
-643
7
121
-49
-142
-168
-221
-47
162
92
634
-448
110
114
-67
74
375
378
-609
164
-164
796
-1225
236
-326
-335
-640
8
-810
-471
-370
-240
62
-29
-140
-394
117
377
-1814
341
-481
-1808
6
-672
28
504
375
-334
-652
-127
-21
-216
112
-280
23
-87
184
-170
766
-634
32
110
-172
-19
-220
32
-622
-149
-286
376
-711
146
-55
34
-449
-260
-724
-195
-307
-305
-110
-105
42
-428
185
437
-1721
95
-488
-1664
221
-593
103
148
216
-159
-528
139
-245
-233
-193
-495
284
279
222
76
863
-470
-151
-935
-280
229
-23
-282
62
90
-859
115
-431
152
-157
461
-334
11
-99
-401
-495
-93
36
-20
-50
-348
15
283
-802
-94
-777
-1530
1185
-203
-32
69
-577
-306
-252
297
-332
-78
-320
