-590
159
-303
-90
946
1935
-1922
1590
873
-1233
1215
-827
-1750
1944
-242
-865
1102
-1429
-1104
628
1503
-665
1396
269
-1873
-1765
-1248
-558
2002
1787
-1710
2004
62
-1619
-135
-1974
-1430
1979
-674
853
-190
-1951
-221
-1233
24
-2012
-865
-1854
10
-121
-434
730
583
231
-668
801
31
-221
1005
1162
-1222
1407
1591
183
1082
-938
1015
-483
-467
-163
142
-289
-1387
-1804
1026
1324
-80
-1584
427
2025
1167
-1628
450
-1694
-1013
1896
-424
163
-437
992
-690
-618
-90
1635
-293
-296
-631
571
407
320
-180
252
-1084
-551
24
-80
55
918
-1510
1840
1015
330
1338
-656
149
-1295
904
-681
24
200
-1923
-1739
888
1046
503
-786
-1498
2032
470
-916
932
-1799
-984
1989
-851
0
-1021
-347
-973
-1160
454
-1143
-711
-1248
42
548
149
242
-38
83
-1188
-62
-1983
-411
653
-696
-1825
1759
-180
-1903
665
-801
-577
522
1480
-545
330
121
-1849
-1587
1233
190
272
-745
-200
1996
665
-711
-577
-1760
-1283
2047
-720
-21
-107
-1916
-896
-440
380
-913
-176
-856
-699
827
-55
-401
650
1544
-1840
1394
873
132
1099
97
-73
73
303
-907
1723
-367
-748
-816
1217
-865
1213
-1206
-513
-1164
1707
1328
1953
-1861
200
17
128
283
-194
-1628
-327
1560
-699
1274
-450
-1141
-1701
-970
1362
333
-893
-724
-391
-152
283
-327
516
266
-577
1505
289
-367
323
272
-262
62
687
1183
1021
-631
-24
460
245
-59
932
-1371
-816
-650
1775
-10
-490
-1272
-1407
-323
580
-303
80
-404
-52
-259
-69
55
354
1285
-1396
-836
-1560
-1407
-204
1522
-927
-283
973
417
367
-739
-763
-984
31
-1059
-736
238
176
384
545
90
833
-781
1519
-1054
801
-519
-890
-35
-896
-303
1401
434
350
-656
-238
-156
272
-420
-696
-354
14
-300
377
751
31
-180
-596
-583
1015
816
-1162
-1755
-668
-340
992
-457
-650
748
-822
-370
-1963
-1314
938
-965
-724
49
170
-1853
-211
-916
-121
238
1595
-665
384
-313
-384
-1519
320
-420
404
310
-868
-111
760
-1107
242
-1330
-957
1961
-310
49
-114
-1865
-924
-862
486
-1388
-248
-1248
-262
561
-214
736
-145
1155
-1716
668
1084
-571
778
-935
-180
204
-173
-483
637
-45
80
128
902
-266
1094
424
-763
-1455
-769
170
1914
-303
509
14
845
-231
-24
-1838
-434
1336
152
893
-38
-916
-1458
-417
876
-954
296
-197
-851
1204
470
-1036
1192
401
-1002
-80
357
-360
156
152
-10
1023
522
1584
804
-772
-1544
-1013
166
66
1064
-377
-1126
-1717
-561
625
38
-583
-1174
200
1233
-1224
420
-1010
-593
558
200
364
-954
885
-1773
-1360
-1077
-187
-792
1472
-807
526
21
163
7
-684
-1253
-1104
503
-145
-873
-279
-778
1485
-83
-470
135
-519
628
-587
981
-197
-816
496
-1350
-1185
-3
-7
35
90
-460
705
724
-1044
218
-1126
76
-190
90
-259
-276
-183
-1153
-245
-535
7
-283
-1324
-962
916
736
330
-467
-14
-1338
-873
-1919
-427
609
720
-711
535
152
-1787
772
-1259
1138
-1400
1508
-1228
132
-574
-714
-1494
751
1074
135
-702
-31
52
745
-693
176
-1367
-775
1982
-1089
1052
-989
-1781
-1242
-724
959
211
-1274
-1346
-1015
460
269
128
200
1976
-1881
-310
596
-1706
1470
-542
76
-1561
548
-242
1167
-1930
496
-804
128
-1087
-42
-1222
225
-1192
-696
-197
1959
424
-83
640
1328
-2043
659
-1864
-2034
1490
-1574
561
1637
-804
-1259
-1632
24
414
-170
-483
-567
-733
-163
548
316
1621
-1312
377
391
-231
255
1150
1157
-1587
555
-555
1791
-1987
778
-1028
-1052
-1628
28
-1802
-1358
-1138
-789
214
-100
-477
-1195
401
1155
-2042
1067
-1377
-2042
21
-1668
97
1420
1150
-1049
-1644
-434
-73
-717
384
-904
80
-300
618
-574
1765
-1621
111
377
-580
-66
-730
111
-1605
-506
-921
1153
-1711
496
-190
118
-1314
-848
-1725
-653
-978
-973
-377
-360
145
-1270
621
1289
-2039
327
-1390
-2036
733
-1564
354
503
717
-538
-1462
473
-804
-769
-647
-1403
916
902
736
262
1841
-1356
-513
-1884
-904
757
-80
-910
214
310
-1838
394
-1276
516
-532
1338
-1049
38
-340
-1211
-1403
-320
125
-69
-173
-1084
52
913
-1796
-323
-1775
-2028
1978
-678
-111
238
-1541
-976
-825
951
-1044
-269
-1013
