-1779
1416
-2048
-2048
2047
-1233
-1017
116
2047
1363
1904
1396
1609
-2048
938
-2048
-1669
1684
-2048
-1721
2047
-773
-232
-543
2047
2047
2047
2047
2047
-2048
2047
-2048
-1724
1699
-2048
-1453
2047
-714
-469
-114
2047
1746
2047
2047
1964
-2048
1865
-2048
-1344
2047
-2048
-365
2047
-1211
-1375
66
2047
1489
2047
2047
1368
-2048
1656
-1538
-1858
-1739
-451
-2048
2047
1359
-840
443
2047
897
2047
-815
1933
-2048
317
-2048
-1632
-1954
-1041
-1142
2047
2031
-122
-436
2047
1166
2047
1014
2047
-2048
2047
-2048
-1674
-1459
-980
-917
2047
1681
-464
122
2047
648
2047
925
2047
-2048
2039
-2048
-1092
873
-1077
-2048
2047
43
-1521
-70
2047
817
2047
2047
1644
-2048
2047
-1197
-1991
-832
-381
-923
2047
781
-986
919
2047
263
2047
-697
338
-2048
75
-2048
-1714
-983
-921
-701
2047
1345
-792
659
2047
150
2047
840
1309
-2048
1832
-2048
-1755
-487
-860
-476
2047
995
-1134
1217
2047
-368
2047
752
173
-2048
1617
-2048
-1094
880
-673
-2048
2047
-152
-1966
972
2047
274
2047
2047
-113
-2048
2020
-885
-1820
361
-290
-319
1744
-191
-1207
475
2047
610
2047
-585
877
-2048
21
-2048
-1736
41
-513
-690
2047
190
-1190
649
2047
343
2047
167
1898
-2048
1394
-2048
-1828
482
-549
-429
1321
-451
-1359
879
2047
107
2047
126
1352
-2048
1427
-1731
-1268
880
-187
-2048
57
-1056
-1600
869
2047
576
1892
890
553
-2048
1810
13
