-2048
-2048
-549
696
2047
2047
2047
-2048
800
2047
2047
-2048
-2048
-1330
-2048
-2048
-2048
-2048
-2048
860
2047
2047
2047
-2048
2047
1967
2047
-2048
-639
-746
-1458
-2048
-2048
-2048
-2048
385
2047
2047
2047
-2048
2047
1808
2047
-2048
-674
-660
-1346
-2048
-2048
-2048
-1472
-49
774
1537
2047
-2048
2047
529
1741
-2048
-22
-385
-731
-2048
-2048
-2048
-1490
-447
2047
2047
2047
-2048
1208
2047
2047
-2048
-1253
-349
-1601
-2048
-2048
-2048
-2048
-1385
510
2047
2047
-2048
2047
2047
2047
-2048
363
402
-249
-1878
-2048
-2048
-2048
-1575
309
2047
2047
-2048
2047
2047
2047
-2048
131
452
-259
-1709
-2048
-879
-1585
-1198
-700
1730
2047
-2048
2047
284
1264
-2048
-483
150
-2048
-1745
-2048
-523
-1200
-780
1869
2047
2047
-2048
1164
2047
2047
-2048
-895
250
-913
-1944
-2048
-1058
-2048
-1757
116
2047
2047
-2048
2047
2047
2047
-2048
-92
499
-269
-1547
-2048
280
-2048
-1946
-84
2047
2047
-2048
2047
1975
1602
-2048
-324
548
-280
-1378
-2048
908
-936
-1275
-920
1124
1662
-1877
2047
395
384
-2048
-1543
127
-2048
-1128
-2048
796
-729
-918
1543
1709
576
-2048
1923
1806
855
-1360
-769
1117
-754
-1521
-2048
914
-1244
-1115
-100
2047
-178
-1484
2047
1548
837
-2048
-262
1545
-931
-995
-2048
1952
-886
-650
-392
2000
-662
-1020
2047
1329
169
-1821
-301
1697
-952
-728
-1926
2047
-301
-187
-671
1266
-598
-779
2047
487
-342
-423
-1311
1215
-2048
-384
