-2048
-2048
2047
2047
2047
-2048
1600
-2048
-697
2047
793
2047
1615
-2048
-2048
1327
-2048
-2048
2047
2047
2047
-1340
153
-2048
-701
2047
2047
2047
-658
-1494
-2048
-1174
-2048
-2048
2047
2047
2047
-1382
-10
-2048
-962
2047
2047
2047
-844
-1619
-2048
-770
-2048
-2048
1011
2047
2047
-1317
419
-2048
-1228
1440
2047
2001
-2048
-2048
-2048
-85
-2048
-2048
1095
2047
2047
-2017
486
-2048
-1342
2047
2047
2047
595
-2048
-2048
-730
-2048
-2048
631
2047
2047
-983
-438
-2048
-1723
2047
2047
2047
-2048
-1456
-1780
-2048
-1935
-2048
-54
2047
2047
-1038
-561
-2048
-1989
2047
2047
1910
-2048
-1709
-1873
-2031
-1770
-2048
-438
2047
2047
-1360
218
-2048
-2024
2047
2047
1708
-2048
-2048
-1961
-424
-1312
-2048
111
2047
2047
-1908
481
-2048
-1619
2047
2047
1510
-331
-2048
-2048
-245
-1240
-2048
-712
2047
2047
-1091
-678
-2048
-2048
2047
2047
1605
-2048
-1952
-1963
-1418
-518
-2048
-1397
2047
2047
-1147
-801
-2048
-2048
2047
2047
1287
-2048
-2048
-2048
-780
-696
-2048
-1176
2047
1640
-1550
-619
-2048
-2048
1157
1639
722
-2048
-2048
-1931
416
-2048
-2048
-425
2047
1914
-1642
702
-2048
-1324
2047
2047
1792
-819
-1893
-2048
78
-2048
-2048
-538
2047
2047
-1207
-375
-2048
-1865
2047
2047
1575
-1691
-1601
-1744
-527
-2048
-2048
-365
2047
1601
-1307
-426
-2048
-1993
2047
2047
904
-1804
-1599
-1785
-196
-2048
-2048
-332
2047
801
-1667
-866
-2048
-2041
826
739
39
-1555
-2000
-1576
518
