175
0
0
0
2047
-35
0
-6
0
-71
0
-18
1430
651
0
-1
0
-28
0
0
-34
0
0
-33
0
1958
2047
2047
0
-86
190
2047
688
-3
0
-1
-1
0
0
-9
-52
-27
2047
0
2047
-5
0
-71
950
0
0
0
2047
-5
0
-28
0
-31
0
-4
854
1325
-42
-1
0
-6
0
0
-1
0
-13
-76
0
1465
2047
2047
91
-4
-25
1500
623
0
0
0
-1
0
-37
0
2047
0
2047
0
2047
216
0
-12
-58
0
0
0
2047
-2
0
-43
0
-8
-3
-1
284
1140
-50
-1
0
-16
0
0
-13
0
-85
-50
0
2047
2047
2047
-86
-7
-84
2047
2047
0
-9
0
0
0
-84
-1
2047
0
2047
0
2047
-86
-3
-3
-15
0
0
0
2047
-1
0
79
0
-3
2047
-3
-2
859
-23
0
0
-78
0
0
-54
0
2047
-10
0
2047
1338
2047
-49
-37
-14
2047
2047
-4
1246
0
-3
-3
2047
-2
1095
0
1843
0
2047
-37
0
-1
1206
0
0
0
2047
-63
0
-4
0
-73
0
2047
1188
1072
0
-59
0
0
0
0
0
0
0
-4
0
2047
2047
2047
-24
-11
-80
1286
228
-1
0
0
-2
0
0
-28
-65
-35
-85
0
2047
-7
0
56
2047
0
0
0
2047
-1
0
-17
0
-4
0
1140
605
1932
-48
-53
0
0
0
0
0
0
0
-1
0
2047
2047
2047
2047
-2
-64
-50
-25
0
0
0
-20
0
0
0
2047
-3
0
0
2047
0
0
-28
2047
0
0
0
2047
0
0
-17
0
-14
0
665
-18
2047
-42
4
0
0
0
0
0
0
0
0
0
2047
2047
2047
2047
-2
37
405
914
0
0
0
-41
0
0
0
2047
0
0
0
2047
0
-1
-22
213
0
0
0
2047
0
0
-77
0
-8
2047
-63
0
959
-3
-5
0
-1
0
0
0
0
2047
0
0
2047
260
2047
236
-17
-21
2047
2047
-51
527
0
-57
0
2047
0
568
0
-2
0
2047
0
0
-3
2047
0
0
0
2047
-70
0
-4
-36
-47
0
2047
836
1413
0
-86
0
0
0
0
0
-1
0
-3
0
1443
2047
2047
-67
-5
-8
891
73
-4
0
0
-4
0
0
-86
136
-42
-1
0
2039
-4
-1
224
2047
0
0
0
2047
0
0
-41
110
-3
0
1958
495
2047
-86
309
0
0
0
0
0
-3
0
-1
0
2047
2047
2047
2047
-3
348
-25
-86
0
0
0
-48
0
0
-5
2047
-57
0
0
2047
0
0
-20
2047
0
0
0
2047
0
0
-35
140
-3
-4
1426
-62
1894
-50
85
0
0
0
0
0
-6
-29
0
0
1920
2047
2047
2047
-2
504
-79
1796
0
0
0
-26
0
-2
-80
2047
-5
0
0
2047
0
-3
-49
781
0
0
0
2047
0
0
-20
-86
-18
2047
-63
-1
1723
-4
-3
0
-1
0
0
0
-3
2047
-1
-4
2047
1072
2047
2047
-22
-68
-84
2047
-47
309
0
-66
0
2047
-58
1317
-1
0
0
2047
0
-1
-83
0
0
0
-2
2047
-17
0
-40
2047
-1
0
2000
-1
-20
0
-43
0
0
0
0
0
-17
0
0
2047
2047
1847
2047
0
-3
-26
2047
2047
454
-3
-4
-4
0
0
572
-7
0
0
0
1864
0
0
56
-6
0
0
0
2047
0
0
-67
2047
0
-4
1552
-1
-54
0
-64
0
0
0
0
0
-14
-7
0
2047
2047
2000
2047
-78
-4
-77
2047
2047
-52
-3
0
-32
0
0
268
-77
0
0
0
996
0
0
-45
0
0
0
-2
2047
0
0
-74
2047
0
982
734
0
-14
0
-30
0
-1
0
0
0
-15
-74
0
2047
2047
1676
2047
748
-2
-84
2047
2047
67
-12
0
-11
0
-14
1041
-86
0
0
0
1148
0
0
-57
0
0
0
-17
2047
-1
0
79
1517
0
2047
-58
0
-4
0
-4
0
-28
0
0
0
-54
2047
0
2047
2047
-86
1839
822
-3
-62
2047
1937
1063
1014
-20
-7
-1
2047
683
-73
0
0
0
1852
0
0
-21
