60
-1949
-2048
-1145
1020
-247
-998
-413
-1636
-155
-1452
-314
343
170
-1357
-598
-1802
-269
-2048
-2048
-251
-789
-1146
-254
-2048
466
799
1031
-854
-92
64
660
178
-486
-693
-586
-590
-826
-1035
-382
-201
-274
896
-894
568
-431
-693
-154
235
-2048
-2048
-1732
772
-427
-1484
-270
-2048
-260
-1017
-449
214
319
-226
-612
-1634
-415
-2048
-2048
-572
-890
-345
-140
-2048
351
1065
1122
35
-463
-13
359
164
-1088
-781
-1003
-621
-1262
-240
-758
603
-801
894
-745
1137
71
-655
-351
-36
-2048
-2048
-1368
862
-522
-1569
-224
-2048
-394
-476
-556
88
277
-30
-609
-1217
-324
-2048
-2048
-348
-783
-105
-206
-2048
511
766
1039
-93
-403
-116
494
612
-995
-379
-1248
-637
-1223
-112
-557
536
-1238
848
-1375
1322
-96
-481
-493
-334
-2048
-2048
-1299
729
-604
-1479
31
-1664
-468
819
-472
-508
215
-292
-795
-769
-61
-2048
-1943
-194
-697
942
-374
-1438
537
322
641
-208
-240
-339
710
889
-446
301
-908
-485
-479
821
-506
267
-1528
439
-1588
1292
-241
-644
-546
292
-1199
-2048
-1298
988
-173
-958
-452
-687
-149
-2048
497
288
262
-853
-182
-1209
-1056
-2048
-2048
-672
-736
-1732
-445
-1282
583
1307
869
-285
-358
-65
310
74
-626
-1194
-677
-503
-1628
-2048
-271
-43
-248
-82
-771
698
-407
-637
23
820
-1331
-2048
-1940
835
-557
-1129
-321
-828
-448
-1525
277
160
460
-211
-32
-1368
-1248
-2048
-2048
-1777
-771
-1088
-624
-1753
742
1140
1059
559
-504
-42
-30
-282
-1168
-1223
-1559
-306
-2048
-1122
-728
552
-467
-723
-1178
1225
-631
-790
-269
830
-1718
-2048
-1363
848
-689
-1506
-321
-649
-338
-750
173
-9
520
-24
2
-1405
-1170
-2048
-2048
-1437
-805
-657
-665
-1507
641
851
778
650
-528
16
116
227
-920
-773
-1798
-230
-2048
-822
-721
515
-835
-646
-1718
1328
-708
-607
-294
70
-2048
-2048
-1309
823
-742
-1726
-60
-706
-390
783
-173
-738
237
-471
-426
-1452
-560
-2048
-1742
-835
-861
636
-784
-734
768
82
625
76
-323
-298
523
666
-203
143
-1148
-187
-1061
646
-670
152
-1404
-515
-1954
1100
-689
-747
-471
657
-1164
-2048
-700
810
-156
-933
-463
-245
-212
-2048
695
210
339
-658
-95
-1429
-1143
-2048
-2048
-937
-554
-1985
-489
-798
346
944
826
-163
-430
-4
222
29
-445
-1321
-840
-447
-1739
-2048
-91
49
-225
-556
-636
485
-448
-549
73
1192
-972
-2048
-1174
638
-658
-1168
-229
41
-480
-1278
466
136
699
-95
94
-1721
-1365
-2048
-2048
-2048
-484
-885
-622
-1089
636
849
910
563
-468
103
-283
-86
-976
-1415
-1638
-211
-2048
-800
-432
691
-189
-1364
-1057
731
-791
-640
-10
1102
-1160
-2048
-673
674
-823
-1349
-248
50
-487
-443
342
-176
451
-30
33
-1591
-1249
-2048
-2048
-1720
-423
-267
-707
-712
457
733
787
838
-533
138
-133
428
-692
-824
-1652
-280
-2048
-508
-129
535
-426
-1512
-1651
752
-883
-484
-29
198
-1594
-2048
-668
678
-688
-1519
-10
-85
-316
1242
-174
-552
411
-464
-481
-1174
-588
-2048
-1948
-870
-494
1149
-630
-450
518
262
680
812
-296
-161
-78
723
-27
94
-850
-167
-1090
1139
-185
317
-621
-1084
-1550
648
-880
-587
-117
-635
-1168
-2048
-500
947
-322
-1056
-233
522
-610
-1506
476
-567
-307
-1915
-224
-2033
-873
-2048
-2048
-1173
-320
-1506
-897
1127
1377
440
911
-675
-486
-277
921
490
127
-481
-456
-446
-1219
-2048
153
-405
-984
-1846
-1285
444
-878
-899
23
-416
-776
-1874
-817
916
-796
-1287
-164
1204
-714
-447
371
-568
-196
-1504
-42
-2048
-1024
-2048
-2048
-1977
-337
-400
-1083
1359
1799
476
772
-135
-452
-138
696
528
-199
-479
-867
-258
-1757
-862
84
-59
-785
-2048
-1653
245
-1217
-1024
-26
-748
-1262
-1923
-509
978
-732
-1218
-146
890
-651
242
188
-731
-339
-1336
-262
-2048
-587
-2048
-2048
-1485
-335
-54
-1199
1625
1606
400
710
191
-500
-112
741
704
27
-6
-910
-365
-1378
-337
255
-97
-868
-2048
-2048
279
-1142
-961
-187
-1066
-1101
-2048
-321
749
-609
-1050
31
363
-700
1275
-185
-743
-2
-1336
-444
-1891
-269
-2048
-2028
-653
-194
869
-979
998
1339
-86
438
207
-483
-175
544
461
260
249
-306
-402
-559
818
177
-150
-1002
-1304
-1860
441
-877
-880
-300
