116
1114
28
34
-212
1337
-902
1292
261
108
1843
-492
1136
634
1910
-205
866
778
152
118
330
239
-210
68
226
1530
77
-158
-68
1494
-167
-70
-604
69
-1096
-1178
1187
-31
-51
798
56
404
-69
150
0
-96
6
1047
776
865
1187
-162
-196
1822
769
840
1487
303
1534
-244
1762
1077
77
314
887
465
-90
-367
660
94
-239
345
937
1157
-562
-129
711
241
195
-549
-248
101
-778
-971
630
204
90
-2
-251
-63
-215
-5
-8
-580
18
899
-103
264
1049
138
-120
1459
-18
925
809
489
785
-304
1806
805
-34
-618
810
-157
20
-469
1054
-224
-322
352
691
821
-568
-261
389
405
47
-2
-778
169
-472
-346
890
-207
-256
-168
-132
56
-312
148
67
-795
204
418
186
-146
1151
92
-192
1568
-401
1289
854
-365
1008
-25
1231
250
1309
-317
605
-26
-44
-352
663
250
-215
150
718
879
-405
-277
-56
310
45
0
-221
338
-624
-417
684
-134
-160
-85
65
29
-85
-18
-15
-361
36
631
450
1042
1746
-253
-84
1526
-745
1850
28
109
1894
-647
2047
1049
582
-254
1738
1212
786
240
416
1126
-1087
15
-217
1564
-625
1984
1055
1282
510
60
-959
-37
-504
-1071
691
282
-328
290
-162
681
0
-24
-30
116
477
711
906
600
908
122
-507
2004
613
554
1138
-72
1695
0
1302
1291
34
-507
1029
146
-15
199
1137
52
-750
768
1126
756
-372
-553
-100
458
432
107
-693
241
-127
-599
306
295
-346
-140
-102
7
-239
-35
12
-681
198
766
930
-274
1058
270
-100
1306
-223
335
558
372
835
-203
1410
1606
-3
-112
994
196
3
-48
1212
-271
-707
233
1009
761
-945
-442
1144
156
20
132
-944
326
-299
-41
702
-93
-235
127
-3
9
-246
1
110
-856
-50
768
623
-319
935
71
158
1641
753
896
806
-93
1494
-261
763
643
183
110
409
221
-7
-330
637
292
-608
-5
519
987
-604
-326
506
307
-138
21
-573
255
-577
-328
649
-33
-94
296
22
222
2
-41
12
-731
-10
529
737
467
1511
-58
-223
1607
-340
1825
431
-597
1855
679
2047
1487
83
-83
1253
837
11
-191
808
609
-1118
91
187
824
-808
965
579
1267
79
105
-1162
634
-490
-889
1325
53
-487
-104
-106
516
-31
0
-325
-222
709
574
-191
626
116
689
-589
1683
204
1001
586
-191
1853
433
2040
1716
990
-357
1254
435
16
-423
1020
499
-861
109
813
652
-550
451
882
141
-210
-20
-1010
577
-336
-427
1002
-215
-349
-65
-217
266
-348
-17
-96
-876
114
761
-229
577
261
373
-401
1545
511
1443
727
68
1905
-252
2047
1621
1655
-437
1484
-30
-41
-355
788
604
-1067
42
698
952
-786
-194
1469
664
-27
1
-741
477
-186
495
1015
-259
-252
27
-272
20
-298
-19
-14
-1080
271
545
57
-400
315
319
55
1842
203
1049
861
249
1517
-21
1080
1103
569
2
461
32
-58
-491
844
236
-714
73
315
894
-766
61
497
-60
123
22
-800
281
-419
143
671
68
-241
399
405
19
13
43
-98
-817
204
523
500
-549
834
103
27
873
54
1115
674
-212
1405
-632
2039
1018
108
538
511
267
143
-165
1190
147
-424
218
278
1186
-541
448
124
1202
-191
181
-683
1362
-398
-785
640
-82
-399
51
-1
-30
-128
92
-29
28
1075
304
344
-648
1397
871
322
887
155
1382
486
409
1566
-370
2047
1092
278
-242
504
556
69
-343
1126
172
-668
-37
1140
890
-533
50
260
1095
-39
73
-790
1354
-197
-430
776
-205
-578
39
-5
271
-19
152
74
-493
390
377
897
-198
1030
608
-62
612
-3
1187
783
478
1110
-451
1937
1057
262
-228
539
197
4
-248
845
37
-358
42
1201
916
-788
-117
580
378
-118
-80
-525
1304
-65
297
892
-265
-517
262
82
202
-8
339
266
-411
124
224
220
15
519
16
-23
1101
60
622
701
-460
840
6
971
1090
1149
19
301
86
-2
-98
978
345
-499
-35
565
875
-286
-75
111
457
-47
-31
-579
370
-241
-296
679
247
-149
-872
27
221
-38
-53
154
-427
43
306
