-5
5
144
1183
68
526
381
34
215
3
1055
455
313
39
284
6
372
36
0
166
-15
167
12
1054
-22
71
8
32
13
-35
170
41
101
1
834
26
609
1131
-81
195
-3
0
115
10
9
391
96
7
6
9
-3
1133
4
265
91
24
-29
15
971
22
39
38
0
4
0
15
5
91
106
35
3
84
96
-1
1
50
1
10
7
-1
2
6
784
133
49
57
28
1
2
-4
4
2
61
12
12
69
54
37
12
1107
18
203
403
172
-3
1
1111
1
72
3
31
2
6
259
-7
150
172
-15
3
129
-58
14
59
18
6
8
70
7
3
12
904
159
6
32
-126
46
25
-19
0
17
0
0
0
73
99
-2
156
1326
14
1401
436
52
7
42
1283
126
482
19
401
242
25
55
-12
175
766
83
0
158
-50
68
84
26
77
0
181
546
1097
180
670
370
179
151
17
54
75
42
0
3
54
148
1459
61
-20
3
36
266
116
51
-1
22
48
27
1
74
62
56
200
202
309
18
25
13
-7
0
0
921
-2
3
6
68
0
-5
13
-2
24
58
34
29
14
1254
10
3
1
223
3
120
18
15
1
96
6
43
6
0
3
78
-10
-20
-7
-4
3
-1
22
16
0
0
39
8
6
105
-12
15
1
1
48
86
21
-25
1
112
-26
-2
53
28
0
-22
-1
-3
60
13
10
30
193
18
5
45
-12
39
0
11
5
-1
1
57
-1
1
2
34
7
38
7
-14
60
4
22
27
12
50
58
8
54
6
19
96
0
-4
21
4
71
-1
12
0
0
-14
-22
28
19
7
3
8
161
1
2
9
5
20
12
-1
12
32
0
285
1
-2
217
15
0
38
76
59
78
452
1
6
10
6
70
30
79
2
1
19
14
60
38
47
26
117
1082
221
2
7
8
20
0
16
12
51
69
6
0
35
1686
2
33
-10
3
199
188
104
79
11
-5
156
16
49
90
-24
173
6
180
22
0
127
0
83
93
1110
24
75
0
27
1
-65
74
-1
70
196
37
-17
178
1236
12
23
44
117
10
41
2
11
-8
44
34
46
26
-3
4
9
0
49
56
40
12
7
149
-2
32
6
20
68
-20
31
0
1
14
0
-8
203
2
61
2
193
55
1
32
0
-20
22
-36
-3
10
1
79
56
138
93
8
43
10
0
5
57
11
-1
15
-1
14
103
-11
0
5
16
1
-24
4
69
12
137
-20
4
0
8
0
2
-8
66
9
-1
-13
9
2
0
5
2
10
-263
3
4
9
15
18
46
152
50
6
228
-7
23
3
43
124
4
13
604
13
12
295
47
62
12
1
38
0
347
18
15
1
7
321
11
2
103
3
6
-2
76
3
26
30
205
1246
48
0
-49
51
17
7
94
3
183
17
80
12
0
1765
143
138
2
7
535
146
835
62
46
-8
45
20
-91
1
44
260
427
-53
2
12
6
2
-6
70
1562
123
0
130
-3
16
425
166
10
1397
2
262
25
30
1513
5
4
56
111
12
-33
36
462
105
-9
138
21
-55
-3
0
40
29
6
176
46
93
61
58
137
320
109
-32
-1
2
33
83
28
199
-60
37
247
15
7
16
28
61
-9
1414
-7
1
21
23
951
0
-6
4
4
-3
60
259
10
0
16
107
-13
23
13
19
138
92
185
10
481
148
122
61
60
152
192
74
133
-4
230
0
17
37
65
41
148
3
37
-2
-4
6
-3
1548
21
2
-24
95
1115
0
-1
2
-2
4
16
5
111
17
20
24
111
72
9
574
538
19
255
23
93
1
1552
71
111
455
425
70
284
2
339
27
120
0
27
574
45
2
82
192
-3
0
31
2029
263
80
-5
0
1014
71
24
3
80
1
47
88
443
1466
11
