293
-37
9
-86
-110
188
127
379
-202
-42
650
179
40
127
89
-1
46
-40
120
-54
303
83
48
230
388
103
-19
0
17
441
-83
9
198
87
-187
0
-12
50
672
171
269
49
47
18
288
15
28
166
7
10
231
-101
6
216
282
-226
-685
229
493
70
496
34
-1
125
4
16
51
71
111
6
40
236
463
169
1
24
99
-24
-41
130
-98
0
-10
19
4
19
142
-1
1
156
-12
-34
13
5
8
64
-30
347
-4
-78
-1
250
114
252
-193
78
711
-17
327
-276
-27
29
137
10
262
5
-5
300
10
464
585
123
254
-72
387
31
57
56
172
28
23
344
-7
115
901
5
16
386
-8
-77
157
39
129
56
8
142
17
391
22
690
69
722
-170
79
731
21
85
-123
444
308
94
17
365
19
3
160
9
336
511
170
56
-111
300
10
2
432
157
67
-66
103
-11
87
652
61
15
86
29
42
46
-32
344
-110
325
-19
39
-44
254
-60
-105
-203
-234
251
-94
274
177
-11
1
-11
376
-6
-113
101
310
-23
27
324
92
228
8
93
-66
247
192
108
154
17
0
424
304
19
163
21
-53
105
38
294
116
169
0
10
-6
3
-4
-5
11
277
226
332
-416
147
-29
-61
19
92
-11
-1
-3
15
206
-98
249
1
9
-1
-28
6
137
-364
10
231
410
102
-73
-74
60
514
120
208
-251
-11
-1
19
55
72
-26
0
320
-33
29
23
-4
-238
30
288
65
53
-87
389
-13
15
43
-305
-59
82
113
-21
17
-74
62
-2
-5
25
-24
-116
136
-249
1
48
-150
180
57
-49
-13
1365
433
-7
-173
-14
-22
66
-4
8
143
55
-57
39
16
71
99
-74
238
454
-3
108
-163
306
93
-53
22
318
-39
-13
14
2
41
2
230
-14
365
6
7
262
198
-120
306
3
-29
11
123
172
68
216
-1
54
42
10
49
292
35
-1
0
-93
164
-46
72
225
-87
135
46
-3
18
-266
-165
97
106
-64
30
403
61
140
-3
13
11
57
40
-12
151
493
21
-22
0
-22
2
596
347
177
351
-77
54
524
666
51
-181
89
-102
23
0
283
104
240
255
19
-18
126
279
-174
101
569
41
-30
-61
-74
191
213
117
-148
188
-4
218
54
320
247
75
3
119
0
720
-32
76
-46
138
358
-329
9
-27
-105
-383
591
433
142
-182
27
143
-51
29
75
-79
-4
-11
48
-21
70
-88
158
9
195
-98
213
-238
86
66
113
-21
358
-25
21
58
-59
359
-119
23
9
-6
10
231
13
177
177
254
306
-90
56
38
-25
50
1241
285
11
-135
243
5
11
0
144
-2
108
191
116
-5
-3
25
19
27
703
-1
261
-241
-8
8
56
20
15
7
6
36
5
-30
-19
62
-23
7
-10
13
83
119
-139
64
1
-72
10
219
-45
-54
499
69
46
-84
0
-7
112
1
61
-1
-4
68
-13
3
316
329
236
9
544
-204
186
-260
45
43
761
-33
345
62
1
922
-96
248
235
13
188
230
1051
268
32
8
149
3
921
240
169
745
-275
-257
222
6
61
109
205
24
16
-18
414
-261
208
403
213
1
310
678
-138
146
6
-204
518
9
25
-14
1026
-172
294
167
280
635
-83
230
-80
36
190
17
689
55
154
3
16
40
54
230
231
444
-493
-2
-102
218
201
552
212
1
42
122
578
271
-1
54
41
-8
255
158
72
23
25
47
-399
-159
117
151
1200
-106
495
59
-95
264
19
139
317
34
-59
176
335
44
206
-1
227
94
-208
161
266
346
-160
-1
496
3
11
1
81
10
157
10
323
-17
29
44
33
8
411
34
102
12
247
28
160
-287
13
115
1020
19
281
-19
-2
258
-18
152
9
-2
6
-8
179
0
147
4
-86
189
-140
26
23
236
259
-17
172
14
34
-2
83
-20
-2
46
173
38
4
-55
-14
