133
-359
157
621
733
-478
-241
1959
1058
416
-767
257
-338
300
-69
484
98
765
55
626
26
372
25
3
20
-479
331
6
31
1703
552
56
-26
-1
1246
-63
-389
1
30
629
0
-45
283
48
202
92
52
-306
-94
-198
242
609
17
-648
-45
1538
1828
317
-495
75
-679
1084
445
105
-28
99
9
181
-9
152
-22
245
-207
-69
191
130
96
299
475
467
624
25
-183
67
-80
184
165
68
-4
199
285
352
237
-89
42
-107
382
16
-132
554
58
-483
6
1438
1103
-54
-188
404
-747
1077
513
468
2
113
71
7
-239
528
-39
368
-140
355
-80
695
510
214
142
0
42
0
68
754
183
61
737
68
-6
255
612
525
16
75
81
-56
328
30
-272
-3
138
-585
-52
1502
976
93
-189
337
-358
676
-461
-37
68
33
95
-15
-62
274
-13
159
-49
-13
-41
641
35
171
17
24
198
210
838
263
281
340
397
188
98
212
43
107
77
339
173
639
362
-295
112
514
359
-548
756
2047
1010
23
-801
534
-867
492
-63
334
-594
-150
729
506
254
288
-227
176
328
-90
363
1135
913
1242
413
138
76
0
-41
580
-103
33
731
334
560
1132
62
631
88
492
21
-165
-254
-91
-205
386
-91
-858
-129
1197
1411
313
-345
611
-218
1685
467
-72
121
24
575
865
79
16
-161
-57
-361
658
115
1242
-1
743
588
130
638
552
173
919
-29
268
1450
372
67
2
2
768
301
-8
778
470
-266
-26
-253
973
481
-384
0
1125
802
422
-222
203
-328
1482
540
-4
-170
275
346
709
27
216
-157
-21
-302
656
-238
1216
223
53
916
293
387
546
251
1320
-160
160
1281
290
316
89
143
743
40
88
618
10
-40
118
-225
516
418
-651
-172
1280
882
759
-433
758
-36
1108
400
261
254
-15
235
-22
62
224
495
294
27
17
208
947
221
69
606
259
224
-24
703
725
248
412
779
66
278
94
364
81
97
1144
312
813
-20
-65
-563
233
-18
-458
-33
1768
862
83
-707
846
-709
1251
335
247
-377
97
477
184
-77
503
-74
335
11
317
36
-275
235
1478
1098
36
18
535
292
711
-472
272
886
2
714
249
6
657
710
236
162
-110
365
383
830
871
144
-641
233
1680
670
533
-716
1108
-559
2047
-260
118
-368
53
921
468
-173
1
-234
36
-153
614
-92
421
-169
895
1386
0
403
741
1474
1042
-272
-18
1146
3
257
551
46
0
696
477
225
99
296
410
725
8
37
-515
604
2047
1010
396
-793
-17
-682
1930
-327
79
-381
514
456
670
49
-79
-138
63
584
588
-119
1112
-508
1255
1165
184
375
303
1381
1704
-257
39
1001
28
-11
24
-21
322
446
-335
755
-75
691
115
130
-6
553
-765
131
1608
1032
511
-455
710
-32
1461
-67
64
308
61
337
290
-10
418
-87
226
-37
325
-61
1012
91
2
548
1
125
401
1157
1041
-152
142
1135
59
552
211
70
168
127
700
800
618
-54
551
-154
45
1
-240
942
1528
1047
-17
-356
-133
-845
1026
49
-99
101
1084
669
429
-320
415
276
438
-22
-12
16
-20
75
1386
854
47
-117
1245
1103
659
147
236
560
372
10
252
271
13
1024
112
-337
82
337
-33
-510
830
722
169
890
1784
822
148
-565
317
-814
1043
359
260
61
1048
750
636
-172
559
-83
104
-82
225
16
0
114
1292
820
188
20
1506
677
736
421
51
976
20
303
139
119
343
996
-82
-56
33
-208
24
-30
322
57
248
558
1745
959
-77
-339
351
-623
870
161
617
119
779
701
410
-119
584
-37
6
-120
367
82
488
419
1029
663
410
23
865
1068
1405
59
88
890
208
236
40
64
109
334
208
390
-4
-18
8
278
19
83
-223
230
1102
1090
87
-180
354
-81
1343
-357
83
473
266
11
170
-273
189
248
181
13
236
212
559
35
887
897
0
-115
-45
1048
688
3
-23
121
-118
340
119
136
86
221
687
618
228
