-157
-592
-381
-150
-682
1327
1635
1065
395
185
1724
1057
547
725
1586
980
306
972
458
-155
-253
242
609
364
5
1348
1443
635
-377
1213
609
512
2047
195
1883
2038
872
277
1328
-507
368
110
321
97
-6
766
38
700
612
-346
904
-546
1414
1617
-395
1184
1738
-40
1537
1481
1443
1537
-391
107
372
1197
874
911
111
668
956
898
923
926
1725
475
1073
1056
328
1256
2047
590
1671
1839
335
-358
1268
302
706
325
694
170
253
1396
40
655
-493
193
769
462
945
1649
778
1017
789
-221
974
905
1472
1607
-484
1378
514
1045
73
1100
661
805
994
514
721
442
1674
695
1037
911
72
202
2047
495
1305
912
477
885
1071
627
459
155
861
-53
384
1486
310
195
-49
537
911
558
-719
1680
994
1309
669
925
1295
189
970
467
1438
1027
322
279
680
1314
301
151
640
323
496
624
1364
720
826
698
-17
60
2047
182
1269
966
594
463
985
363
513
43
367
282
269
852
375
297
183
-668
1306
-714
357
1585
1461
2018
-114
1317
2047
1663
1763
1044
228
719
1272
1169
1230
30
-82
-705
1982
55
-622
1684
1577
2039
839
1018
698
1
1735
246
1201
2047
105
-47
818
372
540
72
-68
268
219
465
574
468
340
57
20
-100
1675
1877
-415
322
1048
-687
1711
1619
850
1742
73
1077
463
220
1075
572
717
756
1476
588
916
396
1972
1323
1861
1068
466
-370
2047
772
1008
1400
-70
54
837
475
415
61
716
226
6
1619
92
312
684
730
511
313
532
1555
794
-93
519
-491
999
776
1010
1911
-114
1529
566
293
-11
368
839
796
1355
-21
1194
263
1782
1147
2027
1173
25
164
1881
-54
907
475
368
388
668
360
519
102
683
70
299
1588
430
398
291
786
662
16
-628
1867
-683
423
645
377
1540
756
610
875
37
-107
263
20
133
818
249
96
1218
367
306
709
1743
1071
861
613
499
-79
1704
110
1188
883
851
389
1078
1087
69
49
156
562
78
1394
339
-19
861
-229
1366
-291
1025
1845
835
1984
778
1200
1832
1519
1994
1554
-436
733
968
465
-181
616
464
-182
1913
350
54
728
1749
1100
291
1098
702
-20
1974
412
1260
1822
946
262
1262
542
473
167
275
53
831
947
529
508
-681
-29
-482
722
1832
1730
-548
635
818
773
1830
1706
1637
1576
569
851
869
300
-372
1249
556
66
1569
367
739
410
1560
1024
1188
1277
726
169
1895
394
1191
1297
533
640
873
351
635
-19
978
212
515
1808
-51
342
-641
-193
-239
475
1453
1580
-707
1290
621
388
1788
972
1844
1653
1276
1020
1359
-243
655
847
335
17
1863
63
489
499
1688
1129
1728
1292
254
16
1406
1
837
171
661
693
680
-67
795
450
784
192
344
1988
811
363
-216
920
-253
513
-95
2020
8
899
734
-98
1370
-207
755
1817
129
3
104
-77
343
1050
574
137
1381
27
524
525
1643
645
1025
786
365
28
1648
-7
1066
409
977
313
772
1798
383
124
8
-392
408
1736
729
300
504
1138
600
-27
-622
1011
215
820
727
749
1554
1645
1757
1109
-189
1042
343
273
-107
529
1008
67
982
34
273
861
1221
620
40
1168
574
77
1430
1059
908
1622
378
376
1312
599
64
242
527
-247
217
397
1086
42
141
1347
1021
1380
-382
1393
-1
1179
470
-138
1502
1367
1944
985
50
820
395
479
287
835
833
278
1305
231
1007
607
1305
610
295
1218
475
419
1474
1262
874
1188
387
608
1187
-376
220
116
1050
79
3
1075
562
56
814
802
725
782
303
929
289
915
581
-68
1028
988
1775
1114
-6
710
500
250
47
675
621
324
853
-5
1196
712
1488
535
548
1211
506
612
1104
1183
608
281
722
700
1153
-559
101
185
726
-501
-297
1068
24
92
141
408
-3
557
250
1432
-39
351
743
1016
663
34
832
1267
664
225
145
41
446
401
769
-1
1060
225
580
681
1695
693
197
1326
272
287
1618
72
848
892
951
43
658
1875
107
119
443
278
-186
954
-31
256
