-1345
-2048
-1810
-872
2047
2047
2047
260
-201
894
1694
-1708
375
1611
-2048
2047
868
-1215
182
-923
-2048
-355
-1386
72
-684
-1991
477
-432
2047
-428
297
-2048
777
-397
421
-1197
418
-214
-509
-1938
-657
-359
84
518
-332
104
665
-524
866
-1694
1094
-1735
2047
2047
2047
-28
1220
1231
1099
-1044
-891
287
-2048
2047
314
-2005
-1177
498
-1414
192
-1061
132
257
-316
-96
-784
1569
-388
347
-1922
1579
186
20
-1038
946
1578
-263
-1269
375
-671
-284
403
173
-146
273
-130
1573
-76
945
284
2047
2047
2047
0
-994
1037
630
-1042
-716
-162
-2048
2047
25
-982
-199
51
-789
197
-606
391
-159
413
8
-583
1142
-616
278
-644
1255
-78
-120
-746
486
1288
26
-734
255
-247
-94
711
293
-22
109
-18
800
-240
905
375
2047
2047
2047
663
-28
-830
1227
-723
-256
837
-2017
1946
395
-502
427
704
-1198
-431
-624
341
-426
-363
323
46
1062
-228
-254
-761
792
-138
-148
-334
847
193
18
-475
77
-207
4
342
61
27
-89
134
-213
-2048
2047
-2048
2047
2047
2047
1797
-763
-476
2047
-2048
-1618
1288
1164
2047
2047
-1663
-1541
-1084
-2048
-2048
902
278
-2048
-2048
206
2047
2047
33
232
256
117
-242
-75
-1196
1542
-501
1281
-977
-685
-287
-453
-12
-43
-48
292
-12
366
-1011
553
-544
2047
2047
2047
-667
1277
1993
1332
-1065
-457
-130
-130
1270
234
-196
-1520
296
-582
380
-409
727
-26
-548
-597
169
1670
-644
108
-1574
1176
537
-411
-642
757
223
274
-408
-43
-70
-15
41
39
37
-11
23
-78
853
310
-473
2047
2047
2047
-1404
174
1573
-312
-951
-657
-577
-600
2047
356
568
-502
-599
-66
965
-651
273
-2
74
-211
-511
1331
-394
246
-1064
991
430
-265
-216
33
312
85
-35
-22
15
-23
-27
-172
190
83
59
-897
-703
-481
-229
2047
2047
2047
-912
666
360
1818
-1072
-144
777
389
862
912
-20
-477
167
-889
192
-121
-258
-752
-403
-316
-139
623
15
86
-527
55
-215
-104
-83
158
7
-4
250
-29
114
27
-572
-207
-92
-580
559
1536
-1046
2047
-1218
2047
1904
2047
1662
272
-896
1566
-2048
-1503
35
1984
1678
974
-928
769
-14
-543
-808
495
63
-757
-79
-145
598
832
120
68
408
603
-53
-129
-292
600
291
302
-91
-11
0
67
-33
-141
115
-367
390
2047
-1384
1794
160
2047
2047
2047
-218
631
1692
1583
-1869
-1307
207
1825
1328
388
-529
-1247
801
-459
-635
-221
33
-314
52
241
194
546
-320
168
-465
505
17
-175
-86
208
89
-11
140
-24
212
87
-548
-418
266
-376
354
2047
-800
2047
-624
2047
2047
2047
1605
559
1345
1689
-2048
-1707
50
1800
1190
929
-932
-745
171
-377
-851
377
80
-602
-133
-21
512
563
19
159
-14
201
-18
23
115
-110
-145
-240
947
27
-16
452
-1031
-819
632
-810
586
1482
-767
1743
278
842
2047
194
938
125
771
1445
-1092
-405
-282
1313
-46
46
-457
-377
628
-119
-290
44
65
-213
-20
71
98
52
2
8
48
-60
137
154
212
-255
-249
-93
1326
-464
511
138
-1385
-1242
483
-629
550
-189
1148
-214
-1471
1945
1349
309
-120
-685
9
1374
-2048
-167
-840
1226
1363
-77
225
593
-157
211
39
-2
-7
-287
201
45
-128
370
55
111
92
195
-15
7
0
148
-101
-178
903
341
-341
-8
-992
-600
18
296
480
1300
1214
1161
543
2047
1815
-55
739
-511
683
1288
-1086
-540
-321
313
523
190
-22
271
121
12
147
-8
68
-330
69
-49
23
151
-13
15
48
-77
126
177
153
324
41
-267
1539
-172
96
72
-694
-1268
209
-141
570
697
280
1239
-363
612
1636
-308
684
-45
-437
1093
-907
-198
-471
365
300
191
-137
323
-106
24
-39
53
127
-141
-38
-10
0
-26
-14
-95
113
-191
283
261
213
-433
66
-330
2037
-43
214
359
-1676
-1503
258
-361
748
-160
-330
-126
481
1120
1681
397
-580
791
-662
622
-637
60
-404
75
186
-27
168
164
104
-20
49
-33
0
2
-16
-34
250
-27
43
-232
836
-121
483
405
-305
67
-252
412
2047
197
435
-216
-453
-1322
-254
317
428
