-2029
-1992
-1955
-1918
-1881
-1844
-1807
-1770
-1733
-1696
-1659
-1622
-1585
-1548
-1511
-1474
-1437
-1400
-1363
-1326
-1289
-1252
-1215
-1178
-1141
-1104
-1067
-1030
-993
-956
-919
-882
-845
-808
-771
-734
-697
-660
-623
-586
-549
-512
-475
-438
-401
-364
-327
-290
31
-3
-15
-8
-54
14
27
18
-22
-30
18
-16
-20
4
-32
24
4
4
-2
-35
0
27
-19
15
-7
-5
-6
-6
21
-3
-2
-21
9
-20
8
-1
10
-1
5
-8
2
0
-8
20
-2
49
-10
16
-168
-256
-226
-109
256
256
256
33
-25
112
212
-214
47
202
-256
256
109
-152
23
-115
-256
-44
-173
9
-86
-249
60
-54
256
-54
37
-256
97
-50
53
-150
52
-27
-64
-242
-82
-45
11
65
-42
13
83
-66
-5
-5
-5
11
-5
-1
-4
-1
-5
-4
15
3
2
5
-4
1
4
8
2
-5
-5
-3
0
2
11
7
-5
-4
4
-4
-2
-5
1
0
7
-4
-1
-5
2
12
6
0
-5
8
11
19
3
1
-1898
-1861
-1824
-1787
-1750
-1713
-1676
-1639
-1602
-1565
-1528
-1491
-1454
-1417
-1380
-1343
-1306
-1269
-1232
-1195
-1158
-1121
-1084
-1047
-1010
-973
-936
-899
-862
-825
-788
-751
-714
-677
-640
-603
-566
-529
-492
-455
-418
-381
-344
-307
-270
-233
-196
-159
30
3
-5
3
-52
12
8
14
-2
-22
9
-7
-21
2
-20
24
11
4
-1
-22
8
11
-8
4
-14
-3
2
-7
19
0
4
-16
-1
-14
-1
1
-6
4
-2
-8
1
0
-2
12
-1
37
4
15
108
-212
137
-217
256
256
256
-4
153
154
138
-131
-111
36
-256
256
39
-251
-147
62
-177
24
-133
17
32
-40
-12
-98
196
-49
43
-240
198
23
3
-130
118
197
-33
-159
47
-84
-36
50
22
-18
34
-16
-5
-5
-5
4
-5
5
-5
7
-5
-4
7
-2
-1
20
2
-3
7
2
2
-5
2
0
0
3
22
4
-5
-1
7
-5
3
-5
-4
-2
14
1
-3
-5
9
8
5
1
-5
-5
2
16
5
-1
-1767
-1730
-1693
-1656
-1619
-1582
-1545
-1508
-1471
-1434
-1397
-1360
-1323
-1286
-1249
-1212
-1175
-1138
-1101
-1064
-1027
-990
-953
-916
-879
-842
-805
-768
-731
-694
-657
-620
-583
-546
-509
-472
-435
-398
-361
-324
-287
-250
-213
-176
-139
-102
-65
-28
29
3
-5
2
-52
12
9
13
-2
-20
6
-10
-17
-1
-21
25
13
3
3
-22
12
14
-12
6
-10
-3
3
-6
17
1
5
-17
1
-16
1
-3
-6
2
-2
-5
-2
1
0
16
-1
37
1
13
197
-10
118
36
256
256
256
0
-124
130
79
-130
-90
-20
-256
256
3
-123
-25
6
-99
25
-76
49
-20
52
1
-73
143
-77
35
-81
157
-10
-15
-93
61
161
3
-92
32
-31
-12
89
37
-3
14
-2
-5
-5
-5
9
-5
2
-5
-2
-5
-5
12
0
2
12
-2
0
7
1
-1
-5
-5
1
0
2
15
1
-5
-2
7
-4
-1
-5
-1
-2
12
-3
-2
-5
1
15
4
0
-5
6
5
14
8
2
-1636
-1599
-1562
-1525
-1488
-1451
-1414
-1377
-1340
-1303
-1266
-1229
-1192
-1155
-1118
-1081
-1044
-1007
-970
-933
-896
-859
-822
-785
-748
-711
-674
-637
-600
-563
-526
-489
-452
-415
-378
-341
-304
-267
-230
-193
-156
-119
-82
-45
-8
29
66
103
27
1
-3
-5
-61
11
3
21
-21
-30
12
-16
-37
10
-28
22
-1
8
-9
-34
8
16
-15
9
-13
8
0
-12
35
2
3
-35
-6
-28
-5
4
13
16
3
-12
10
-9
-11
19
1
60
-7
2
100
-30
113
47
256
256
256
83
-4
-104
154
-90
-32
105
-252
243
49
-63
53
88
-150
-54
-78
43
-53
-45
40
6
133
-29
-32
-95
99
-17
-19
-42
106
24
2
-59
10
-26
1
43
8
3
-11
17
-5
-5
-4
3
-4
4
-5
-2
-5
-4
11
-1
-1
5
2
0
12
0
-3
-5
0
0
-2
4
16
0
-4
-4
0
-4
3
-5
-2
1
9
-1
-1
-5
7
1
4
6
-5
-1
6
19
8
-1
-1772
-1735
-1698
-1661
-1624
-1587
-1550
-1513
-1476
-1439
-1402
-1365
-1328
-1291
-1254
-1217
-1180
-1143
-1106
-1069
-1032
-995
-958
-921
-884
-847
-810
-773
-736
-699
-662
-625
-588
-551
-514
-477
-440
-403
-366
-329
-292
-255
-218
-181
-144
-107
-70
-33
19
1
0
-13
-52
3
13
25
-12
-24
7
-8
-17
4
-22
12
-5
-4
3
-35
-5
10
-6
0
6
2
-2
2
17
7
-1
-12
7
-11
2
-3
19
-4
5
-20
-1
-1
-4
13
-7
34
-8
0
-27
-256
256
-256
256
256
256
225
-95
-60
256
-256
-202
161
146
256
256
-208
-193
-136
-256
-256
113
35
-256
-256
26
256
256
4
29
32
15
-30
-9
-150
193
-63
160
-122
-86
-36
-57
-2
-5
-6
37
-2
-5
-5
-5
3
-5
-3
-5
10
-5
-3
19
1
2
1
6
2
13
-1
1
-4
-3
0
2
6
20
7
-5
1
4
-4
6
-5
1
0
4
1
-2
-5
8
0
3
-3
-5
-2
1
8
2
-3
-1641
-1604
-1567
-1530
-1493
-1456
-1419
-1382
-1345
-1308
-1271
-1234
-1197
-1160
-1123
-1086
-1049
-1012
-975
-938
-901
-864
-827
-790
-753
-716
-679
-642
-605
-568
-531
-494
-457
-420
-383
-346
-309
-272
-235
-198
-161
-124
-87
-50
-13
24
61
98
21
3
1
-7
-41
0
4
21
2
-14
-1
3
-21
0
-22
11
0
2
8
-24
1
-3
-1
5
0
-3
-3
2
10
10
1
-10
-1
-3
-3
-1
1
-4
2
-17
0
-2
-1
5
-1
19
2
-6
46
-127
69
-68
256
256
256
-83
160
249
167
-133
-57
-16
-16
159
29
-25
-190
37
-73
48
-51
91
-3
-69
-75
21
209
-81
14
-197
147
67
-51
-80
95
28
34
-51
-5
-9
-2
5
5
5
-1
3
-5
-5
-5
1
-5
-2
-5
-3
-4
-4
12
0
-3
0
0
-3
7
-3
-2
-5
0
-3
-1
0
11
0
-5
-3
5
-3
4
-5
2
1
5
-1
-3
-5
12
-3
3
-3
-5
-4
0
12
2
1
-1510
-1473
-1436
-1399
-1362
-1325
-1288
-1251
-1214
-1177
-1140
-1103
-1066
-1029
-992
-955
-918
-881
-844
-807
-770
-733
-696
-659
-622
-585
-548
-511
-474
-437
-400
-363
-326
-289
-252
-215
-178
-141
-104
-67
-30
7
44
81
118
155
192
229
20
2
3
-7
-41
0
6
21
4
-16
-3
0
-20
2
-20
12
1
1
8
-23
3
1
-1
6
1
-3
-1
3
11
7
-1
-8
0
-2
2
-2
3
0
5
-14
2
1
-2
6
3
20
0
-2
-10
107
39
-59
256
256
256
-176
22
197
-39
-119
-82
-72
-75
256
45
71
-63
-75
-8
121
-81
34
0
9
-26
-64
167
-49
31
-133
124
54
-33
-27
4
39
11
-4
-3
2
-3
-3
-22
24
10
7
-5
-5
-5
3
-5
-2
-5
1
-5
-4
15
-4
-4
0
-2
-1
9
-2
5
-5
-5
-3
5
0
16
2
-5
0
2
-1
-5
-5
5
-2
3
-3
-4
-5
3
-3
1
-3
-5
-3
1
9
4
-2
-1379
-1342
-1305
-1268
-1231
-1194
-1157
-1120
-1083
-1046
-1009
-972
-935
-898
-861
-824
-787
-750
-713
-676
-639
-602
-565
-528
-491
-454
-417
-380
-343
-306
-269
-232
-195
-158
-121
-84
-47
-10
27
64
101
138
175
212
249
286
323
360
12
0
2
-9
-49
-5
-8
31
-13
-14
-5
-2
-33
13
-26
7
-2
4
0
-27
0
-11
-8
2
4
8
-5
-2
21
14
6
-19
-5
-10
-3
2
20
6
10
-24
4
-2
-17
10
-2
30
-10
-19
-112
-88
-60
-29
256
256
256
-114
83
45
227
-134
-18
97
49
108
114
-3
-60
21
-111
24
-15
-32
-94
-50
-40
-17
78
2
11
-66
7
-27
-13
-10
20
1
-1
31
-4
14
3
-72
-26
-12
-73
70
-5
-5
-5
5
-5
3
-5
-4
-5
-4
11
-4
-4
-2
-4
-1
12
-4
-2
-5
-3
-2
-3
2
15
-3
-5
-3
0
-5
0
-5
0
0
0
-3
-3
-5
3
-2
-1
4
-5
-5
1
11
5
0
-1515
-1478
-1441
-1404
-1367
-1330
-1293
-1256
-1219
-1182
-1145
-1108
-1071
-1034
-997
-960
-923
-886
-849
-812
-775
-738
-701
-664
-627
-590
-553
-516
-479
-442
-405
-368
-331
-294
-257
-220
-183
-146
-109
-72
-35
2
39
76
113
150
187
224
15
-1
0
-13
-50
6
14
24
-11
-23
10
-10
-14
5
-26
13
-12
-1
5
-33
-7
14
-6
-2
7
0
0
-1
15
5
-3
-11
10
-6
5
1
17
0
6
-19
-1
3
-6
11
-4
37
-13
6
192
-131
256
-152
256
238
256
208
34
-112
196
-256
-188
4
248
210
122
-116
96
-2
-68
-101
62
8
-95
-10
-18
75
104
15
9
51
75
-7
-16
-37
75
36
38
-11
-1
0
8
-4
-18
14
-46
49
-5
-5
-5
6
-5
-3
-5
4
-5
-3
15
3
2
3
4
7
13
8
4
-5
0
-2
-4
1
16
12
-5
1
1
-5
5
-5
2
1
4
4
2
-5
15
4
0
0
-5
-4
2
12
5
2
-1384
-1347
-1310
-1273
-1236
-1199
-1162
-1125
-1088
-1051
-1014
-977
-940
-903
-866
-829
-792
-755
-718
-681
-644
-607
-570
-533
-496
-459
-422
-385
-348
-311
-274
-237
-200
-163
-126
-89
-52
-15
22
59
96
133
170
207
244
281
318
355
15
8
4
-5
-43
4
0
19
2
-17
-1
7
-20
3
-25
12
0
-3
8
-21
2
0
0
-3
1
-5
4
1
12
5
2
-5
-3
-3
-4
4
1
2
2
-20
1
2
-2
5
-3
21
4
1
256
-173
224
20
256
256
256
-27
79
212
198
-234
-164
26
228
166
49
-66
-156
100
-57
-79
-28
4
-39
7
30
24
68
-40
21
-58
63
2
-22
-11
26
11
-1
18
-3
27
11
-69
-52
33
-47
44
-5
-5
-5
5
-4
-2
-5
-3
-4
-2
14
4
-2
1
-5
2
10
1
-1
-5
-3
-1
-3
-3
9
1
-5
-3
2
-2
11
-5
4
1
-1
-3
-3
-5
17
6
-2
4
-5
-4
6
16
6
-2
-1253
-1216
-1179
-1142
-1105
-1068
-1031
-994
-957
-920
-883
-846
-809
-772
-735
-698
-661
-624
-587
-550
-513
-476
-439
-402
-365
-328
-291
-254
-217
-180
-143
-106
-69
-32
5
42
79
116
153
190
227
264
301
338
375
412
449
486
16
7
3
-5
-42
3
7
17
3
-12
-3
-1
-21
-3
-22
11
0
0
16
-20
4
6
-5
-1
1
-9
-1
0
10
3
-3
-6
-2
-1
0
-2
0
4
2
-11
2
-1
4
3
4
19
-1
-1
256
-100
256
-78
256
256
256
201
70
168
211
-256
-214
6
225
149
116
-117
-93
21
-47
-106
47
10
-75
-17
-3
64
70
2
20
-2
25
-2
3
14
-14
-18
-30
118
3
-2
57
-129
-102
79
-101
73
-5
-5
-5
0
-5
-2
-4
-5
-5
-5
14
-3
-4
0
-4
0
9
0
0
-5
-5
4
1
-2
9
0
-5
-1
2
-4
-3
-5
0
0
1
-2
-1
-5
6
-3
-2
6
-5
-4
1
20
9
-3
-1122
-1085
-1048
-1011
-974
-937
-900
-863
-826
-789
-752
-715
-678
-641
-604
-567
-530
-493
-456
-419
-382
-345
-308
-271
-234
-197
-160
-123
-86
-49
-12
25
62
99
136
173
210
247
284
321
358
395
432
469
506
543
580
617
12
6
-2
-7
-51
-4
-7
25
-16
-15
1
-9
-36
13
-23
9
-6
7
0
-30
0
-9
-12
-2
2
6
-8
-3
28
10
3
-23
-6
-12
-7
2
14
9
-1
-22
2
-13
-9
5
-4
37
-10
-18
185
-96
218
35
105
256
24
117
16
96
181
-137
-51
-35
164
-6
6
-57
-47
79
-15
-36
6
8
-27
-3
9
12
7
0
1
6
-8
17
19
27
-32
-31
-12
166
-58
64
17
-173
-155
60
-79
69
-5
-5
-5
2
-4
1
-5
-4
-5
-4
8
-4
-4
-3
-2
-1
8
-3
1
-5
-3
1
-2
-1
18
-3
-5
-3
0
-3
-2
-5
-1
1
0
-2
-4
-5
2
-5
-3
4
-5
-5
0
11
4
-3
-1258
-1221
-1184
-1147
-1110
-1073
-1036
-999
-962
-925
-888
-851
-814
-777
-740
-703
-666
-629
-592
-555
-518
-481
-444
-407
-370
-333
-296
-259
-222
-185
-148
-111
-74
-37
0
37
74
111
148
185
222
259
296
333
370
407
444
481
21
-6
-3
-16
-64
5
18
33
-30
-27
7
-5
-22
7
-32
19
-2
-1
-13
-39
-3
14
-4
-6
3
3
7
0
26
16
10
-21
21
-23
10
4
28
-7
6
-25
-7
5
-19
17
-1
46
-7
1
-24
144
-27
-184
243
169
39
-15
-86
1
172
-256
-21
-105
153
171
-10
28
74
-20
26
5
0
-1
-36
25
6
-16
46
7
14
12
24
-2
1
0
19
-13
-22
113
43
-43
-1
-124
-75
2
37
60
-5
-5
-5
1
-5
5
-5
-3
-5
8
30
19
5
-5
2
7
32
-3
-5
-5
15
4
-3
-1
13
9
-5
-2
-1
9
31
-5
8
17
0
3
3
-5
18
4
-1
7
-5
-3
3
12
4
7
-1127
-1090
-1053
-1016
-979
-942
-905
-868
-831
-794
-757
-720
-683
-646
-609
-572
-535
-498
-461
-424
-387
-350
-313
-276
-239
-202
-165
-128
-91
-54
-17
20
57
94
131
168
205
242
279
316
353
390
427
464
501
538
575
612
31
5
1
-19
-57
1
3
30
-19
-16
-3
5
-26
2
-22
22
-1
-5
-5
-33
-2
0
8
-6
-1
7
11
2
19
18
3
-13
13
-15
-5
1
4
-7
1
-15
3
-4
-10
19
-3
39
8
-6
163
152
145
68
256
227
-7
92
-64
85
161
-136
-68
-40
39
65
24
-3
34
15
2
18
-1
9
-41
9
-6
3
19
-2
2
6
-10
16
22
19
41
5
-33
193
-22
12
9
-87
-159
26
-18
71
-5
-5
-5
6
-5
8
-5
1
-5
5
21
27
5
-4
25
0
11
-3
-3
-5
3
2
4
-1
9
1
-5
-1
3
16
21
-5
1
11
6
-4
-2
-5
6
-5
4
4
-5
20
0
13
1
0
-996
-959
-922
-885
-848
-811
-774
-737
-700
-663
-626
-589
-552
-515
-478
-441
-404
-367
-330
-293
-256
-219
-182
-145
-108
-71
-34
3
40
77
114
151
188
225
262
299
336
373
410
447
484
521
558
595
632
669
706
743
35
3
-1
-21
-51
-1
8
26
-19
-13
0
-3
-31
-5
-24
25
2
-8
-4
-34
-2
6
0
3
-1
6
1
4
22
19
4
-17
18
-17
2
-4
2
-6
-7
-10
-7
-8
-6
20
6
44
2
-6
87
35
155
-45
77
205
-39
86
-6
-55
137
-113
-25
-59
46
38
24
-17
40
-13
3
-5
7
16
-18
-5
-1
0
-3
-2
-12
14
-24
35
33
27
-54
8
-41
255
-5
27
45
-210
-188
32
-45
94
-5
-5
-5
0
-5
11
-5
1
-5
-1
16
5
-4
-4
2
4
12
-5
-2
-5
12
0
1
-1
15
-2
-5
3
6
1
12
-5
3
8
1
3
-1
-5
6
-2
0
4
-5
-2
-1
13
7
3
-865
-828
-791
-754
-717
-680
-643
-606
-569
-532
-495
-458
-421
-384
-347
-310
-273
-236
-199
-162
-125
-88
-51
-14
23
60
97
134
171
208
245
282
319
356
393
430
467
504
541
578
615
652
689
726
763
800
837
874
37
-3
-8
-21
-51
3
-2
32
-36
-11
4
11
-47
4
-34
22
-3
-1
-21
-35
-18
2
-14
8
2
24
-11
6
26
19
3
-35
4
-21
-7
17
8
0
-1
-23
3
-30
-13
20
-2
58
1
-14
-20
-41
-16
60
140
210
50
-73
99
-83
78
-80
8
-51
9
23
-3
21
21
13
-3
6
-4
0
0
-2
-4
31
-3
5
-29
105
-15
60
51
-38
8
-32
52
256
25
54
-27
-57
-165
-32
40
54
-5
-5
-5
1
-4
8
-5
-4
-5
-4
11
1
-3
-4
1
0
8
-4
-2
-5
0
0
-1
-1
13
-2
-5
0
7
0
5
-5
-1
5
-1
-1
-2
-5
3
-5
-2
3
-5
-2
0
15
8
5
