982
-97
-470
-261
-1718
457
840
570
-689
-934
561
-510
-620
116
-1019
760
127
128
-52
-1115
12
844
-616
469
-232
-160
-179
-188
669
-104
-49
-663
275
-641
252
-16
305
-31
173
-268
77
-4
-267
634
-63
1561
-325
513
958
91
-146
86
-1661
393
257
449
-75
-686
283
-232
-671
59
-628
754
339
120
-30
-709
256
339
-244
127
-454
-96
77
-208
605
9
135
-492
-22
-431
-47
28
-192
113
-52
-249
41
0
-55
371
-41
1157
128
477
922
98
-153
70
-1662
373
280
410
-66
-638
203
-319
-536
-25
-651
781
425
82
96
-686
374
450
-385
181
-325
-104
93
-175
528
41
147
-547
28
-498
43
-83
-179
53
-73
-143
-58
17
6
509
-41
1185
22
411
862
42
-107
-160
-1938
339
82
654
-654
-940
394
-510
-1186
321
-897
691
-35
240
-292
-1077
256
501
-490
299
-403
255
0
-392
1098
59
94
-1112
-182
-884
-164
130
416
514
95
-376
326
-284
-359
609
28
1896
-237
59
601
33
15
-398
-1639
107
396
794
-393
-756
224
-250
-524
134
-705
367
-172
-119
109
-1102
-159
329
-191
5
192
59
-50
75
544
234
-41
-382
223
-342
68
-92
608
-124
169
-628
-45
-23
-142
410
-214
1090
-255
13
651
86
43
-220
-1312
-3
119
661
55
-444
-37
86
-663
12
-685
348
13
75
264
-748
31
-109
-43
145
-12
-88
-81
72
328
317
28
-304
-44
-91
-95
-29
47
-116
64
-528
14
-71
-28
149
-33
592
55
-181
622
66
80
-231
-1291
6
191
666
116
-491
-95
-11
-631
55
-635
387
23
20
259
-725
91
16
-32
178
32
-106
-28
85
359
227
-23
-260
-13
-69
58
-55
101
-1
170
-430
74
27
-50
201
88
645
-4
-72
377
7
73
-273
-1553
-143
-265
981
-422
-458
-173
-67
-1047
404
-827
216
-79
136
-10
-844
-3
-340
-255
79
127
241
-149
-74
661
457
187
-601
-165
-326
-95
72
619
176
312
-747
134
-60
-536
320
-52
936
-305
-617
486
-28
-9
-396
-1573
202
430
767
-361
-719
323
-327
-436
159
-815
404
-375
-42
159
-1043
-221
440
-182
-51
222
-14
7
-34
479
166
-109
-346
310
-201
157
27
547
-6
178
-614
-26
101
-188
358
-135
1172
-404
176
476
269
112
-167
-1369
125
7
596
60
-536
-35
225
-624
105
-787
374
-15
-84
264
-666
70
-3
-2
-85
19
-172
121
42
371
147
52
-145
-90
-91
-120
129
16
53
67
-625
22
71
-48
165
-85
672
134
26
491
228
81
-173
-1327
80
219
534
96
-373
-104
-40
-675
-97
-688
352
-9
15
503
-636
140
188
-148
-26
18
-280
-44
6
325
81
-106
-199
-56
-24
7
-50
6
133
69
-355
59
-16
114
100
123
603
-16
-35
377
181
-73
-235
-1609
-127
-215
776
-511
-462
29
-277
-1140
415
-730
290
-189
218
-10
-954
10
-297
-389
-61
60
197
-251
-106
876
328
87
-732
-194
-369
-206
50
445
291
-41
-689
53
-400
-296
160
-119
1160
-305
-565
656
-203
-87
-508
-2035
160
580
1046
-947
-846
224
-145
-681
214
-1024
614
-65
-28
-411
-1238
-107
455
-138
-200
81
89
218
-3
834
499
330
-678
676
-722
310
141
872
-229
205
-791
-206
159
-592
529
-40
1441
-219
21
995
161
44
-615
-1789
40
80
963
-588
-508
-93
149
-816
76
-707
707
-24
-152
-148
-1033
-65
-12
257
-198
-43
218
364
57
607
580
96
-413
424
-468
-171
27
122
-211
19
-483
80
-138
-317
603
-89
1246
255
-178
1115
94
-42
-652
-1614
-32
257
835
-592
-403
0
-85
-988
-147
-746
776
53
-242
-121
-1088
-50
175
-10
95
-44
201
36
123
705
598
123
-554
573
-550
68
-120
54
-200
-209
-306
-224
-260
-191
622
187
1378
77
-199
1165
-101
-265
-667
-1609
87
-59
1025
-1134
-349
127
364
-1503
118
-1067
696
-93
-30
-657
-1114
-578
49
-431
249
63
774
-339
194
824
590
97
-1121
139
-674
-225
524
248
-12
-39
-732
80
-942
-427
643
-54
1842
30
-437
