2047
-292
2047
2047
-1464
-2048
-2048
-2048
-2048
1884
1882
2047
-2048
-163
-954
-2048
2047
2047
-119
2047
-2048
1598
2047
-2048
2047
2047
-467
-262
2047
1274
-2048
-2048
-2048
-120
2047
-2048
2047
2047
1913
2047
2047
-2048
2047
2047
-1431
137
-2048
-2048
2047
-8
2047
2047
-2048
-2048
-2048
422
-2048
1783
1865
2047
-2048
27
-1038
-2048
2047
2047
-203
2047
-1905
1462
2047
-2048
2047
2047
-470
-508
2047
843
-2048
-2048
-2048
673
2047
-2048
2047
2047
53
2047
2047
-2048
2047
2047
-1876
397
-2018
-1458
2047
-662
2047
2047
-2048
-2048
-2048
799
-2048
1858
1556
2047
-2048
810
-1287
-2048
2047
2047
-487
2047
-1473
1213
2047
-1400
2047
2047
-1014
-296
2047
694
-2048
-2048
-2048
1297
2047
-2048
2047
2047
-550
2047
2047
-2048
1679
2047
-1541
-678
-2048
-1565
2047
-581
2047
2047
-2048
-2048
-2048
650
-2048
1600
1075
2047
-2048
538
-731
-2048
2047
2047
-501
2047
-1362
1043
2047
-2010
2047
2047
-457
231
2047
852
-2048
-2048
-2048
1097
2047
-2048
2047
2047
-665
2047
2047
-2048
989
2047
-1090
-1085
-2029
-1953
2047
-521
2047
2047
-2048
-2048
-2048
1434
-2048
1472
1297
2047
-2048
-103
884
-2048
2047
2047
-1787
2047
-478
1834
2047
-2048
2047
2047
551
501
2047
1166
-2048
-2048
-2048
1008
2024
-2048
2047
2047
1356
2047
2047
-2048
2047
2047
577
-342
-2048
-2048
2047
-379
2047
2047
-2048
-2048
-2048
1274
-2048
606
1388
2047
-2048
344
-529
-2048
2047
2047
-499
2047
-1118
1345
2047
-1795
2047
1832
1354
-123
2047
982
-2048
-2048
-2048
1250
2047
-2048
2047
2047
-604
2047
2047
-2048
2047
2047
-913
-762
-2048
-610
2047
-624
2047
1396
-2048
-2048
-2048
1071
-2048
636
852
2047
-2048
875
-868
-2048
2047
2047
-254
2047
-908
987
1302
-996
2047
1352
216
106
2047
972
-2048
-2048
-2048
1398
2047
-1948
2047
2047
-857
2047
2047
-1662
1402
2047
-934
-1454
-2048
-348
2047
-559
2047
1805
-2009
-2048
-2048
896
-2048
216
-8
1086
-2048
802
-189
-2048
2047
2047
-472
2047
-1338
443
678
-1415
2047
1312
1277
1240
2047
891
-1483
-2048
-2048
1246
1909
-1712
2047
1449
-644
2047
2047
-1885
1687
2047
-162
-2048
-2048
-1015
2047
-1409
2047
2047
-2048
-2048
-2048
2047
-2048
1000
615
2047
-2048
1013
873
-2048
2047
2047
-1271
2047
-677
185
886
-1607
2047
2047
1235
1187
2047
948
-2048
-2048
-2048
810
2047
-1744
2047
1894
-92
2047
2047
-2048
2047
2047
277
-1165
-2048
-1920
2047
-630
2047
1809
-2048
-1898
-2048
2047
-2048
-9
163
2033
-2048
956
249
-2048
2047
2047
-1233
2047
-674
-77
291
-1288
2047
2047
2047
647
2047
533
-2048
-2048
-2048
1374
1850
-1679
2047
1256
-1027
2047
2047
-1948
2047
2047
-166
-1595
-2048
-538
2047
-527
2047
1609
-2048
-1171
-1398
2047
-2048
-81
-677
1205
-2048
769
493
-2048
2047
2047
-1083
2047
-985
196
-585
-1125
2047
1753
1733
1774
2047
891
-1159
-2048
-2048
1628
1505
-674
2047
1014
-1199
2047
2047
-2048
1462
2047
309
-1790
-2048
-745
1402
-627
2047
1558
-2048
-762
-1359
2047
-2048
-1060
-943
731
-2048
839
263
-2048
2047
1456
-714
2047
-869
-476
-1432
-1062
2047
1824
1957
1920
2047
383
-1221
-2035
-2048
1824
1726
-597
2047
333
-1164
1708
2047
-1232
324
1136
781
-2048
-2048
-620
1882
-801
2047
1238
-2048
-1807
-1735
1536
-2048
-264
231
1211
-2048
491
4
-2048
2047
1925
-384
2047
-1680
-179
-797
-1085
2047
982
976
1657
2047
812
-1082
-1721
-2048
1291
1781
-805
2047
1319
-394
1777
2047
-1371
1215
1953
728
-2048
-2048
-984
1355
-493
2047
1204
-2048
-957
-747
1917
-2048
-756
-433
893
-2048
648
-276
-2048
2047
1058
-422
2047
-1339
-225
-828
-774
2047
1411
1301
1709
2047
900
-1035
-1993
-2048
1324
1332
-728
2047
662
-1788
1677
2047
-968
-212
1082
697
-2048
-2048
-393
679
-853
1339
842
-2048
-473
-285
2047
-2048
-1196
-1037
-30
-2048
553
138
-2048
2047
797
-207
1709
-1224
-705
-2048
-1070
2047
1221
1205
2047
2047
618
-469
-1241
-1895
1647
1486
-136
2047
221
-1504
1783
1364
-515
-988
501
723
-2048
-2048
-548
73
-1188
281
699
-2048
-494
659
1966
-2048
-1597
-952
-1108
-2000
766
233
-2048
1866
549
-485
1251
-800
-435
-1980
-918
1677
900
1046
2047
2047
367
-397
32
-1448
1610
876
12
1349
196
-2048
1373
199
185
-828
258
611
-2048
-2048
-471
