-2029
-1992
-1955
-1918
-1881
-1844
-1807
-1770
-1733
-1696
-1659
-1622
-1585
-1548
-1511
-1474
-1437
-1400
-1363
-1326
-1289
-1252
-1215
-1178
-1141
-1104
-1067
-1030
-993
-956
-919
-882
-845
-808
-771
-734
-697
-660
-623
-586
-549
-512
-475
-438
-401
-364
-327
-290
-1898
-1861
-1824
-1787
-1750
-1713
-1676
-1639
-1602
-1565
-1528
-1491
-1454
-1417
-1380
-1343
-1306
-1269
-1232
-1195
-1158
-1121
-1084
-1047
-1010
-973
-936
-899
-862
-825
-788
-751
-714
-677
-640
-603
-566
-529
-492
-455
-418
-381
-344
-307
-270
-233
-196
-159
-1767
-1730
-1693
-1656
-1619
-1582
-1545
-1508
-1471
-1434
-1397
-1360
-1323
-1286
-1249
-1212
-1175
-1138
-1101
-1064
-1027
-990
-953
-916
-879
-842
-805
-768
-731
-694
-657
-620
-583
-546
-509
-472
-435
-398
-361
-324
-287
-250
-213
-176
-139
-102
-65
-28
-1636
-1599
-1562
-1525
-1488
-1451
-1414
-1377
-1340
-1303
-1266
-1229
-1192
-1155
-1118
-1081
-1044
-1007
-970
-933
-896
-859
-822
-785
-748
-711
-674
-637
-600
-563
-526
-489
-452
-415
-378
-341
-304
-267
-230
-193
-156
-119
-82
-45
-8
29
66
103
-1772
-1735
-1698
-1661
-1624
-1587
-1550
-1513
-1476
-1439
-1402
-1365
-1328
-1291
-1254
-1217
-1180
-1143
-1106
-1069
-1032
-995
-958
-921
-884
-847
-810
-773
-736
-699
-662
-625
-588
-551
-514
-477
-440
-403
-366
-329
-292
-255
-218
-181
-144
-107
-70
-33
-1641
-1604
-1567
-1530
-1493
-1456
-1419
-1382
-1345
-1308
-1271
-1234
-1197
-1160
-1123
-1086
-1049
-1012
-975
-938
-901
-864
-827
-790
-753
-716
-679
-642
-605
-568
-531
-494
-457
-420
-383
-346
-309
-272
-235
-198
-161
-124
-87
-50
-13
24
61
98
-1510
-1473
-1436
-1399
-1362
-1325
-1288
-1251
-1214
-1177
-1140
-1103
-1066
-1029
-992
-955
-918
-881
-844
-807
-770
-733
-696
-659
-622
-585
-548
-511
-474
-437
-400
-363
-326
-289
-252
-215
-178
-141
-104
-67
-30
7
44
81
118
155
192
229
-1379
-1342
-1305
-1268
-1231
-1194
-1157
-1120
-1083
-1046
-1009
-972
-935
-898
-861
-824
-787
-750
-713
-676
-639
-602
-565
-528
-491
-454
-417
-380
-343
-306
-269
-232
-195
-158
-121
-84
-47
-10
27
64
101
138
175
212
249
286
323
360
-1515
-1478
-1441
-1404
-1367
-1330
-1293
-1256
-1219
-1182
-1145
-1108
-1071
-1034
-997
-960
-923
-886
-849
-812
-775
-738
-701
-664
-627
-590
-553
-516
-479
-442
-405
-368
-331
-294
-257
-220
-183
-146
-109
-72
-35
2
39
76
113
150
187
224
-1384
-1347
-1310
-1273
-1236
-1199
-1162
-1125
-1088
-1051
-1014
-977
-940
-903
-866
-829
-792
-755
-718
-681
-644
-607
-570
-533
-496
-459
-422
-385
-348
-311
-274
-237
-200
-163
-126
-89
-52
-15
22
59
96
133
170
207
244
281
318
355
-1253
-1216
-1179
-1142
-1105
-1068
-1031
-994
-957
-920
-883
-846
-809
-772
-735
-698
-661
-624
-587
-550
-513
-476
-439
-402
-365
-328
-291
-254
-217
-180
-143
-106
-69
-32
5
42
79
116
153
190
227
264
301
338
375
412
449
486
-1122
-1085
-1048
-1011
-974
-937
-900
-863
-826
-789
-752
-715
-678
-641
-604
-567
-530
-493
-456
-419
-382
-345
-308
-271
-234
-197
-160
-123
-86
-49
-12
25
62
99
136
173
210
247
284
321
358
395
432
469
506
543
580
617
-1258
-1221
-1184
-1147
-1110
-1073
-1036
-999
-962
-925
-888
-851
-814
-777
-740
-703
-666
-629
-592
-555
-518
-481
-444
-407
-370
-333
-296
-259
-222
-185
-148
-111
-74
-37
0
37
74
111
148
185
222
259
296
333
370
407
444
481
-1127
-1090
-1053
-1016
-979
-942
-905
-868
-831
-794
-757
-720
-683
-646
-609
-572
-535
-498
-461
-424
-387
-350
-313
-276
-239
-202
-165
-128
-91
-54
-17
20
57
94
131
168
205
242
279
316
353
390
427
464
501
538
575
612
-996
-959
-922
-885
-848
-811
-774
-737
-700
-663
-626
-589
-552
-515
-478
-441
-404
-367
-330
-293
-256
-219
-182
-145
-108
-71
-34
3
40
77
114
151
188
225
262
299
336
373
410
447
484
521
558
595
632
669
706
743
-865
-828
-791
-754
-717
-680
-643
-606
-569
-532
-495
-458
-421
-384
-347
-310
-273
-236
-199
-162
-125
-88
-51
-14
23
60
97
134
171
208
245
282
319
356
393
430
467
504
541
578
615
652
689
726
763
800
837
874
