472
494
-40
-65
574
-496
-1106
-83
563
-348
432
418
-748
-232
757
-197
422
539
-225
520
1184
660
317
343
-303
1071
222
-603
-202
-498
-1089
27
42
-844
1018
-57
-1100
266
135
-633
623
368
193
586
658
-59
1373
-58
-552
633
171
-1039
321
-302
-1976
-221
-363
-1319
-512
4
-1484
78
16
-976
294
293
-507
798
66
-355
696
-73
-377
129
-172
-1617
258
-422
-543
398
-320
-1421
196
115
-835
696
-65
-1386
-85
59
-631
231
-114
-1146
-125
-422
103
709
527
-411
732
99
-1208
122
-399
-686
533
-243
-1115
743
81
-718
525
107
389
560
235
-47
266
671
-96
696
-79
-1478
247
411
-400
698
-64
-1812
523
371
-326
332
725
-962
350
197
-124
108
186
-640
-344
-275
239
1625
1042
-69
1088
331
-571
458
759
-384
719
-57
-659
746
628
396
969
286
434
1343
799
313
588
553
-59
-6
1234
-434
403
182
-363
219
1064
-590
772
114
-358
216
531
-81
1282
523
-1155
-77
75
-241
276
731
