472
-65
-303
-603
494
574
1071
-202
-40
-496
222
-498
-1106
-348
-1089
-844
-83
432
27
1018
563
418
42
-57
-748
-197
-1100
-633
-232
422
266
623
757
539
135
368
-225
660
193
-59
520
317
586
1373
1184
343
658
-58
-552
-1039
-377
-1617
633
321
129
258
171
-302
-172
-422
-1976
-1319
-543
-1421
-221
-512
398
196
-363
4
-320
115
-1484
-976
-835
-1386
78
294
696
-85
16
293
-65
59
-507
-355
-631
-1146
798
696
231
-125
66
-73
-114
-422
103
-411
-96
-1478
709
732
696
247
527
99
-79
411
-1208
-686
-400
-1812
122
533
698
523
-399
-243
-64
371
-1115
-718
-326
-962
743
525
332
350
81
107
725
197
389
-47
-124
-640
560
266
108
-344
235
671
186
-275
239
-69
-59
-434
1625
1088
-6
403
1042
331
1234
182
-571
-384
-363
-590
458
719
219
772
759
-57
1064
114
-659
396
-358
-81
746
969
216
1282
628
286
531
523
434
313
-1155
-241
1343
588
-77
276
799
553
75
731
