426
0
929
-1
1742
495
24
0
180
0
-12
61
0
489
189
0
64
0
-1
0
546
0
-9
141
599
0
1170
853
996
443
0
-12
-2
427
327
138
379
0
746
643
0
0
934
0
0
-7
112
0
706
772
-2
-12
2047
0
77
852
863
338
0
275
718
572
-11
0
1440
0
329
0
-8
-12
544
394
785
516
824
215
197
379
-11
90
145
604
0
146
0
0
786
1130
0
0
1071
1775
0
0
0
1534
1816
0
65
0
0
0
380
8
360
-11
0
-1
0
524
0
-6
265
0
0
882
-2
253
0
795
-7
2047
379
141
0
784
0
442
0
1252
0
184
0
0
446
1558
0
0
669
1281
775
-3
-1
1272
623
0
468
0
0
11
134
-7
72
0
55
0
0
453
0
290
-1
56
107
700
253
0
0
0
172
0
638
-6
0
309
0
416
0
971
-1
284
778
202
219
412
0
206
14
-7
0
-9
0
334
245
465
0
0
789
1020
397
796
46
120
445
28
1170
659
1420
0
364
0
914
1522
-3
-3
1590
0
917
0
0
0
1698
230
1677
494
1498
0
34
0
0
500
-5
-12
0
271
957
1909
0
0
0
961
368
874
0
0
0
1864
396
702
-3
870
0
-3
229
631
1288
736
0
0
0
2047
293
1762
1264
501
1477
0
0
0
859
518
1711
0
1562
0
0
-1
0
0
1128
77
0
0
1174
2047
0
0
333
1123
2047
1029
0
-4
0
0
499
624
0
1136
0
-3
0
34
-10
903
0
0
0
2047
-11
2047
0
917
1190
2047
0
0
0
520
181
0
291
-2
0
60
0
0
545
740
8
0
690
2047
2047
-1
389
1346
808
0
0
0
0
694
723
0
0
0
441
0
0
1578
83
515
0
0
-6
1037
814
299
0
0
555
-1
-11
0
0
617
0
0
0
1250
-11
240
96
415
0
-10
316
274
579
805
0
0
0
272
-7
66
347
396
1
2047
145
348
0
523
0
483
916
0
418
872
-8
153
588
1648
0
313
871
-3
1689
0
0
0
1632
0
1607
687
761
0
0
0
0
-12
837
0
0
117
359
559
343
159
2
268
736
66
425
693
-12
1171
0
472
0
268
0
388
247
0
9
1432
965
559
293
2047
0
813
282
-9
2047
0
0
0
425
0
1282
0
853
0
0
0
0
174
87
0
0
157
774
2047
868
318
-7
1696
2047
363
-6
-2
0
0
-3
545
0
891
0
187
0
0
-1
930
493
-6
222
843
0
858
0
340
2047
2047
0
0
0
0
148
0
357
0
0
0
0
7
131
0
751
-11
393
1720
2047
-7
357
1760
725
358
0
118
0
620
0
-5
0
-2
-3
0
0
448
-12
671
0
67
285
0
196
441
0
0
1603
0
-3
0
0
0
0
0
-3
1842
287
245
0
627
0
0
593
444
288
863
1114
-1
0
-4
524
-6
189
0
25
214
687
92
-11
-1
74
109
0
-12
611
116
0
-10
-1
397
118
0
966
0
0
556
-10
0
359
0
-10
-2
542
0
-11
0
55
135
0
0
256
21
310
266
1189
-1
-7
-4
182
0
533
-12
0
468
343
107
-1
0
427
48
0
0
722
69
814
639
0
101
6
-6
499
0
71
0
231
0
124
0
0
0
36
0
98
0
659
615
0
0
152
461
530
239
1297
-1
0
0
494
0
488
-4
795
0
218
331
83
-2
395
-9
0
159
507
241
1787
728
0
-3
475
-1
743
0
262
747
329
0
0
0
0
0
-2
-9
229
-2
94
907
-10
0
169
431
528
601
1883
71
0
-9
0
-1
99
277
-2
278
-12
0
582
0
292
-2
0
466
119
261
1715
760
0
-11
-11
203
562
-12
203
0
-11
116
575
0
0
0
-2
651
601
190
217
-3
0
0
20
-12
507
577
0
-1
22
0
