1653
0
-4
-31
0
0
0
835
0
2047
0
0
1579
-34
1551
0
2047
1143
-3
0
2047
-1
0
2047
-21
2047
1755
-31
0
77
0
0
661
0
0
0
0
-41
16
0
0
0
2047
0
0
0
0
-2
0
0
1392
0
0
0
0
488
0
1794
-35
0
0
-1
2047
1551
2047
-26
1557
0
2047
0
-5
2047
-26
2047
-25
2047
0
0
0
0
2047
0
-1
0
-33
0
0
0
0
0
2047
0
0
0
-13
-2
0
135
217
0
-39
0
0
0
0
2047
578
0
0
-15
1086
1001
2047
0
2047
0
2047
0
22
2047
-41
2047
0
2047
0
0
0
0
887
0
0
0
0
0
0
0
0
-1
2047
0
0
0
2047
1041
439
2047
0
0
-1
2047
0
0
0
602
-32
0
482
2047
0
0
2047
0
1041
0
54
0
1324
2047
-16
2047
0
146
0
0
0
0
754
0
0
2047
0
0
0
-1
0
2047
2047
0
-9
0
2047
-15
0
309
103
0
0
0
0
2047
0
2047
0
0
0
0
2047
-6
2047
0
0
0
2047
0
-26
2047
0
2047
0
2047
0
858
2047
0
0
0
-11
0
1098
2047
0
0
0
0
-3
2047
904
0
0
0
0
549
1591
0
0
0
0
1296
0
961
0
0
0
0
2047
-32
2047
0
-1
0
2047
0
1262
2047
0
2047
0
0
0
0
2047
0
0
0
0
0
452
199
-6
0
0
0
1109
719
2047
0
0
0
0
-1
549
0
1171
0
0
0
0
2047
0
0
0
0
596
-6
2047
0
-10
0
2047
0
2047
1998
0
2047
0
-38
0
0
1239
0
0
0
0
0
-1
0
0
0
0
0
2047
1018
0
0
847
0
0
2047
0
0
0
1959
0
0
0
1029
-14
0
0
0
0
-6
2047
0
0
0
-4
0
2047
2021
0
2047
0
291
0
0
1477
0
0
0
0
1500
0
0
0
0
0
1579
2047
0
0
0
1324
0
82
0
2047
-2
0
0
0
2047
50
1874
458
0
0
0
1676
-36
1874
0
0
0
1806
0
0
2047
-2
50
-6
0
0
-3
334
0
0
0
-6
0
-15
-4
0
-2
0
0
0
2047
0
0
0
0
-22
-40
2047
0
-19
0
0
193
0
2047
0
0
0
0
2047
0
2047
0
0
0
1636
0
-17
2047
0
2047
0
0
0
0
1239
0
0
0
-3
0
-22
0
124
-13
0
0
-11
2047
0
0
0
-39
0
0
1851
-2
2047
0
0
-8
0
2047
0
0
0
0
2047
0
2047
0
396
0
2047
0
743
2047
0
2047
26
42
0
0
229
0
0
0
0
0
0
0
0
0
0
0
2047
2047
0
0
0
0
1319
2047
0
0
0
2047
0
0
0
2047
-6
0
0
433
725
-37
2047
0
910
0
-21
0
1149
1908
0
2047
0
0
0
0
2047
0
0
0
0
2047
0
0
-26
38
0
1024
2047
0
0
0
0
-21
0
-13
2047
989
-1
0
0
-5
-8
217
-38
0
0
-7
-33
870
2047
-38
0
-7
892
0
187
2047
-33
835
-3
0
0
-16
129
-6
-1
0
783
-2
272
0
129
0
0
0
0
92
0
-41
1228
0
0
378
2047
1007
0
0
0
0
0
1149
0
0
0
0
1398
-6
2047
6
0
-40
944
0
-32
1687
108
1290
0
0
0
0
1557
0
0
0
30
488
719
0
235
0
0
0
-31
0
0
0
0
0
0
-1
2047
1166
-1
0
0
1256
0
1455
0
0
0
0
2047
0
2047
0
-9
0
1732
0
708
-4
-6
260
0
0
0
0
1387
0
0
0
1358
0
-31
0
0
0
0
0
1528
1891
0
0
0
0
-15
1358
2047
-11
0
2047
0
0
0
2047
378
0
0
0
1964
378
2047
-2
54
0
241
0
772
0
0
2047
0
-10
0
0
2047
-3
0
0
-2
30
-2
0
-2
0
0
-12
2047
0
0
0
0
163
