-991
1099
-1610
1872
-1695
907
-573
-842
-736
-1625
-758
-235
1584
-596
-36
453
170
254
-756
-1109
1315
-29
-541
-912
-580
-1044
2
-990
-86
-912
943
1072
342
-338
166
618
597
446
62
186
-492
550
282
-122
-330
474
110
380
-888
-1005
641
53
-1404
1652
-553
1371
166
-1452
-433
1597
-52
-310
-44
79
1288
972
305
-923
150
-988
870
-679
-739
-908
-194
-78
1062
-361
-397
946
-498
-196
577
297
312
202
526
-119
-282
-164
-27
261
-210
258
243
240
-1342
456
-203
827
-1404
1393
-1226
522
-1141
-1410
-896
490
1261
-810
-526
419
731
944
-488
-749
573
-575
-856
-801
-143
-796
-36
-621
925
354
-339
819
-25
-484
-63
323
261
439
164
266
-214
-190
26
-6
-21
143
60
160
-1118
1048
-1252
1381
-1246
326
-1152
-1163
-1291
-1281
-1003
-847
1270
-1024
-409
944
-138
296
-721
-843
965
301
-773
-726
98
-438
615
-572
562
-221
260
634
398
-355
-314
287
358
337
-165
238
-70
-68
35
-11
126
27
24
46
1979
-1675
1312
-406
1327
1771
1370
1532
1565
769
1270
1584
-1140
332
-127
-1170
1010
432
1112
232
-524
-602
929
787
-829
-758
-657
502
644
-188
-587
726
-518
525
625
85
70
-342
375
-212
122
397
-147
209
88
138
119
38
1793
-1596
1709
-1490
1158
1710
1433
1628
1532
923
1286
1478
-1125
773
216
-1039
1256
979
1127
580
-844
-817
1027
858
-703
-610
-626
844
804
712
-412
629
-337
516
567
-82
-30
-212
364
-105
238
144
-34
172
25
23
67
212
890
-1453
1357
-1155
9
1564
1251
1442
1224
-252
824
1325
-1020
116
426
-914
1087
809
568
559
-717
-683
686
144
-538
-470
-447
631
664
612
-272
496
-230
167
391
-18
169
-5
172
62
70
21
80
-5
65
10
-96
297
-1224
1202
-651
1333
-1113
-128
59
-244
-856
-983
-606
-871
894
-751
203
644
310
291
-616
-330
290
79
-484
-463
-79
-1
-225
-316
436
230
-205
347
-33
-24
-1
61
161
91
73
18
180
-28
-39
-84
312
-203
-102
-290
1738
-1467
909
-1308
1533
1516
1278
1437
1337
699
1200
1266
-1017
24
608
-914
738
21
971
350
213
-565
838
507
-567
-475
-454
558
-132
-238
-264
396
-270
438
115
-7
75
-56
144
-26
43
104
70
25
-9
-66
-129
322
1611
-1307
1264
-1208
1414
1437
1197
1361
1238
449
1160
1202
-850
209
540
-770
952
532
905
674
-586
-551
767
546
-438
-335
-362
569
529
430
-143
283
-95
295
117
-38
13
90
55
59
-12
-80
200
-65
-184
312
-235
496
1370
-1189
905
-1091
1116
1294
1000
1193
958
-248
956
1054
-738
-227
328
-647
782
378
666
557
-450
-417
588
128
-288
-195
-218
406
389
336
3
183
12
114
4
8
-25
184
-95
-36
-154
239
288
-258
-93
397
-384
533
-1033
-482
-564
-555
-676
638
550
304
-650
-709
16
-178
-435
-543
239
60
542
342
-303
-128
-252
-212
47
-210
-58
-138
-40
-47
249
97
65
85
69
-24
5
-97
-141
-126
92
-255
348
469
-77
-59
585
-390
-396
-533
1372
13
-1089
-171
786
-291
278
-539
-467
-532
-195
411
876
-704
-662
-78
-439
-125
363
-242
621
394
-379
-167
-128
-212
274
-195
-134
98
70
84
-5
103
68
-2
-14
45
167
-87
235
-178
35
58
538
-320
184
-376
893
797
-1017
876
269
-881
221
-416
-700
-726
-80
230
758
-592
-463
-348
-337
-252
-287
-21
502
314
-245
-163
31
-138
-43
-66
-37
-9
65
41
-3
249
230
-111
-108
-33
363
-255
361
-267
-143
-211
693
-465
342
-557
331
942
-880
908
-718
-300
87
-635
-647
-602
-429
-182
676
-446
-330
405
-223
-170
-269
-153
353
206
-96
-91
39
-7
13
74
-8
-28
-39
-91
-114
397
342
-238
-258
-298
521
-372
572
-458
-331
358
833
-615
426
-682
-821
942
-744
835
-662
-599
-35
-541
-510
-472
-425
-374
525
-321
-278
343
-170
-123
-119
-106
227
107
54
56
-4
2
-44
269
59
186
-176
-221
-258
510
415
-366
-343
-414
669
-522
781
-598
-525
186
973
-720
585
-830
