426
-621
929
-238
1742
495
35
-1285
182
-595
-54
72
-303
489
191
-957
75
-639
-245
-2048
546
-434
-99
145
599
-1168
1170
853
996
443
-629
-55
-187
427
327
143
379
-1524
746
643
-1209
-436
934
-666
-2048
-117
119
-570
706
772
-204
-46
2047
-377
87
852
863
338
-752
275
718
572
-68
-637
1440
-1108
329
-753
-103
-61
544
394
785
516
824
216
199
379
-44
99
149
604
-723
150
-2048
-921
786
1130
-1748
-557
1071
1775
-445
-279
-1039
1534
1816
-1
76
-400
-523
-1769
380
14
360
-68
-1000
-225
-463
524
-776
-124
265
-1171
-720
882
-179
254
-403
795
-113
2047
379
145
-1011
784
-1467
442
-793
1252
-381
186
-964
-1752
446
1558
-458
-936
669
1281
775
-170
-228
1272
623
-804
468
-814
-823
18
139
-114
82
-732
66
-457
-528
453
-581
290
-224
67
114
700
254
-469
-646
-446
175
-532
638
-126
-397
309
-1623
416
-1144
971
-230
284
778
204
220
412
-340
207
22
-117
-385
-27
-339
334
246
465
-995
-852
789
1020
397
796
58
126
445
39
1170
659
1420
-372
364
-1298
914
1522
-171
-175
1590
-455
917
-1443
-518
-750
1698
231
1677
494
1498
-1991
45
-468
-2048
500
-141
-52
-861
271
957
1909
-1361
-1119
-430
961
368
874
-1204
-713
-489
1864
396
702
-177
870
-689
-160
230
631
1288
736
-1420
-1530
-524
2047
293
1762
1264
501
1477
-507
-1647
-388
859
518
1711
-849
1562
-1298
-448
-257
-2048
-949
1128
87
-904
-341
1174
2047
-521
-1151
333
1123
2047
1029
-648
-146
-1451
-505
499
624
-1258
1136
-1147
-166
-278
46
-33
903
-1189
-1288
-954
2047
-45
2047
-461
917
1190
2047
-1341
-339
-1513
520
183
-1230
291
-199
-307
71
-2048
-890
545
740
14
-590
690
2047
2047
-243
389
1346
808
-412
-357
-762
-1352
694
723
-382
-449
-792
441
-1127
-738
1578
92
515
-1415
-619
-129
1037
814
299
-611
-267
555
-260
-42
-603
-1034
617
-1013
-613
-397
1250
-38
241
104
415
-507
-32
316
274
579
805
-391
-266
-371
272
-111
77
347
396
1
2047
149
348
-966
523
-388
483
916
-1910
418
872
-105
157
588
1648
-484
313
871
-171
1689
-1848
-475
-381
1632
-1282
1607
687
761
-2048
-279
-666
-1730
-47
837
-632
-971
123
359
559
343
162
3
268
736
77
425
693
-63
1171
-438
472
-1570
268
-764
388
248
-2048
15
1432
965
559
293
2047
-645
813
282
-25
2047
-2048
-582
-450
425
-1353
1282
-340
853
-1565
-1496
-956
-2048
177
96
-521
-518
160
774
2047
868
318
-113
1696
2047
363
-125
-179
-839
-552
-175
545
-2048
891
-758
189
-270
-1262
-249
930
493
-13
223
843
-264
858
-708
340
2047
2047
-562
-911
-1268
-925
152
-762
357
-573
-822
-645
-2048
12
136
-314
751
-66
393
1720
2047
-119
357
1760
725
358
-600
124
-1733
620
-279
-143
-1031
-201
-7
-808
-634
448
-58
671
-629
78
285
-695
198
441
-1125
-494
1603
-540
-178
-1103
-1640
-548
-502
-375
-174
1842
287
246
-617
627
-996
-1008
593
444
288
863
1114
-227
-479
-9
524
-14
191
-616
36
215
687
100
-39
-229
84
116
-332
-51
611
122
-332
-89
-250
397
124
-404
966
-845
-303
556
-29
-699
359
-711
-80
-181
542
-1155
-41
-550
66
140
-474
-280
257
31
310
266
1189
-233
-112
-156
184
-534
533
-53
-270
468
343
114
-222
-402
427
60
-615
-631
722
79
814
639
-534
109
10
-122
499
-834
81
-316
232
-909
130
-1070
-415
-873
48
-600
106
-732
659
615
-427
-1288
156
461
530
240
1297
-224
-394
-290
494
-509
488
-156
795
-345
219
331
92
-189
395
-93
-572
162
507
242
1787
728
-488
-163
475
-208
743
-588
263
747
329
-722
-271
-691
-447
-1112
-206
-97
230
-195
102
907
-29
-2048
172
431
528
601
1883
81
-270
-27
-526
-237
107
277
-194
278
-58
-609
582
-447
292
-191
-505
466
125
262
1715
760
-805
-68
-44
205
562
-58
205
-2048
-39
122
575
-517
-549
-833
-194
651
601
192
218
-175
-344
-2048
30
-62
507
577
-1921
-212
32
-470
