292
-283
-134
-58
-336
-1128
-834
148
-689
670
-365
-424
279
-53
274
-321
923
202
-1
-1743
512
-180
-357
373
-77
610
310
-58
-676
20
-529
-1153
118
-536
-756
-411
-203
-31
5
-422
-911
-629
1340
-618
-521
-362
-234
-159
-414
-380
246
-750
-455
-828
-1478
89
-826
317
-52
-749
-440
-167
1209
274
962
-68
275
-1640
644
-342
-130
1388
-68
1429
-69
452
-590
-455
-725
-1464
369
-1540
-186
-876
-55
-241
-415
-541
-1309
-277
1482
-663
-338
-388
-96
-159
-336
31
45
-590
-43
-210
-1472
-794
-1219
445
104
-892
-299
-6
192
177
1010
-261
390
-2048
487
-353
7
373
-33
1508
-278
371
-985
-674
-996
-975
157
-1020
-537
-592
-464
-559
-548
-605
-721
-195
2012
-1069
-1000
-775
1682
184
81
507
-295
-292
-196
375
-1006
-1233
-572
108
-57
-503
88
460
-211
-209
706
-313
184
-1059
15
-285
234
627
-87
890
-717
33
-559
-450
-731
-257
134
-628
-205
369
-385
-382
-452
-178
-419
495
1268
-726
-108
-360
951
-6
-822
60
25
-363
-357
-712
-2048
1376
-289
389
-318
-942
-864
-764
670
-123
914
-328
-323
-1608
663
-681
-67
722
-212
372
-651
400
-592
152
810
-611
-400
-785
-101
-860
194
770
-282
-726
-905
-1446
-141
481
160
-849
-525
-273
-1170
99
281
-329
-624
-344
-2048
229
-808
170
-287
-2048
-602
-767
1021
-16
971
-571
-172
-1915
585
-1178
223
581
-759
783
-265
-263
-869
-572
610
-1126
-540
-1466
-557
-549
83
42
-124
-830
-1291
-1005
196
128
480
-327
-706
-263
-1286
-176
99
-243
207
-1303
-2048
-770
-1079
508
-432
-2048
-1146
-461
107
-121
1258
-715
-106
-2048
760
-1208
385
353
-1061
714
-219
-44
-806
-551
219
-1516
-746
-2048
-761
-722
-186
-919
-457
-605
-1554
-1050
1227
180
-615
-898
150
-743
-430
727
-523
-441
-248
346
-1630
-1206
-983
182
-94
-1394
-539
-423
-231
-122
823
-809
-253
-1242
-137
-714
416
357
-586
951
-723
57
-605
-241
261
-576
-273
-1481
-329
265
-423
-791
-204
-740
-766
279
1690
-316
-245
-869
234
-490
21
-234
706
-152
-399
-1067
-1767
467
14
331
84
-1535
-936
-413
296
-50
331
-602
-332
-1018
319
-747
-217
689
-162
14
-124
-729
-788
-144
64
-565
-397
-1041
-120
-659
-6
-137
-426
-151
-1151
-788
-410
745
-372
-631
-967
-306
-76
-27
657
-212
-81
-1171
-2048
41
-469
472
-268
-2048
-1553
-498
859
-374
626
-742
-354
-1100
289
-779
-85
1140
-550
718
-205
-444
-693
-718
219
-1024
-653
-1238
-147
-431
-75
-773
29
-96
-1150
-1299
-102
509
-939
-653
-1214
-42
-751
-299
327
-161
376
-1390
-2048
-111
-675
606
-641
-2048
-1428
-489
501
-208
774
-685
74
-1961
638
-1074
132
381
-571
537
8
12
-515
-1129
47
-1230
-507
-1347
-669
-377
-294
-878
-239
-303
-1058
-1291
1022
544
-817
-908
-548
-528
233
396
-489
-516
-595
468
-1579
-1047
-906
489
-124
-1364
-474
80
129
-47
695
-479
161
-1606
-9
-405
203
337
-472
1493
-769
-287
-270
-725
614
-652
-487
-1260
-375
518
-223
-939
-12
11
-729
181
2047
-779
-611
-897
-511
-9
-646
-96
456
175
-168
-752
-774
-126
-3
45
-23
-432
-675
-119
-17
154
627
-46
-472
-119
158
-412
40
417
-56
148
-145
-394
-342
-89
30
-125
-174
-449
139
-159
54
-656
30
-241
-327
-316
-305
23
-425
-35
217
-419
-339
71
799
178
-246
-863
-1374
-310
-395
203
-399
-619
-311
-273
247
-120
909
2
-541
-30
167
-639
-16
298
26
228
-543
-1107
-534
-514
275
-327
-426
-326
9
89
128
-720
48
-375
-324
-715
-58
-238
-855
-324
-298
-408
-535
-174
881
206
-191
-910
-1674
222
-988
257
-830
-813
-749
-587
482
-412
715
-410
-108
-323
306
-690
126
-133
-124
52
-577
-366
-554
-1164
245
-369
-220
-699
240
-508
-58
-803
-302
-655
-473
-802
270
334
-654
-428
-889
-747
-91
240
696
-103
-314
368
-1258
-418
-753
464
71
-912
-419
-422
347
71
605
-157
15
-453
49
-264
137
-380
-230
672
-381
-104
-316
-1118
854
-149
-561
-849
-164
9
-152
-461
-165
-546
-345
-98
866
-430
-474
-739
-893
36
