-735
346
1050
1051
-358
279
-219
-896
1670
-70
-88
-430
-260
538
-1270
961
1194
-335
-599
-567
1037
-312
1299
275
-898
-2048
663
1995
1566
-2048
1572
420
-265
-1963
42
-1520
640
1895
-863
1159
1137
1076
765
31
7
-922
444
1089
-1337
447
210
1508
-1127
359
241
-346
1941
-116
-500
-540
35
-120
-880
1458
2047
-770
-2048
415
1373
-289
1452
242
-1155
-2048
815
2047
794
-2048
1526
-11
-305
-1738
30
-1397
418
1810
-1493
556
472
952
554
-57
242
-1564
141
1498
-754
-153
544
1122
8
430
-395
-170
1677
-278
-482
-1141
348
-23
-536
617
2047
-599
-1716
888
1612
-38
819
-89
-1035
-2048
325
1718
493
-2048
1433
-202
14
-1892
-60
-715
377
1457
-1070
-11
1554
982
451
-173
198
-2048
-137
1249
-487
351
928
707
287
251
-1017
267
1763
-299
-201
-720
291
-389
-277
694
2047
273
-1521
-648
1415
-298
669
590
-1320
-1943
1282
1773
984
-2048
677
-105
-89
-2048
574
-1053
376
906
-1127
859
2047
70
120
22
27
-1337
56
889
-849
-1445
573
1420
-985
394
-368
485
1979
535
88
176
-72
82
-1154
851
1152
-108
-1463
-524
1302
-732
998
1199
-911
-2048
373
1603
1943
-2048
2047
-251
-66
-2048
123
-2048
1454
875
-381
992
1641
790
-393
-337
-209
-1449
578
1562
-735
-296
1212
1496
-907
759
-589
452
2047
368
-225
234
220
-401
-1014
778
1074
541
-2048
-1167
1213
-471
1295
1120
-889
-2048
441
2005
1678
-2048
2047
-552
125
-2048
329
-2024
955
1721
-788
363
1282
597
-107
250
-104
-505
1055
1969
-249
-35
1439
1314
-231
678
-306
-18
1558
0
-159
-272
470
-239
-375
154
1781
1050
-1179
-1010
1372
-178
849
126
-652
-2048
166
1836
1948
-2048
2047
-900
394
-2048
742
-1146
148
1667
-607
85
1804
1239
857
-397
-366
-906
972
1166
-511
-18
1298
608
589
-22
-874
561
1644
-265
99
-745
385
-784
-151
519
2047
891
-1029
-1384
1184
-510
1122
616
-993
-2048
727
1787
1560
-2048
2011
-216
-100
-2048
805
-2048
381
556
-803
264
1978
317
-25
-67
-307
-479
496
758
-1807
-253
553
1144
-687
314
351
776
1789
-164
300
439
-42
-463
-590
1013
1227
99
-1985
-379
1090
-581
545
757
-1143
-2048
403
1115
1824
-2048
1911
-453
-324
-1961
820
-2048
1270
1857
-619
1047
1930
1042
-153
-60
265
-1371
1151
866
-1849
-416
1248
1379
-946
597
-216
117
1758
-216
587
806
-19
-73
-813
939
1630
-162
-1727
-874
1393
-863
1011
736
-1054
-2047
305
920
2047
-2048
2047
-395
325
-2048
872
-2048
1558
1869
-838
1108
1708
1200
-170
-284
-416
-1677
985
1315
-1136
183
1183
1506
6
349
-461
-172
1966
-251
390
623
331
445
-1158
866
2047
42
-1248
-688
1659
-906
1171
474
-1029
-2048
368
2047
1596
-2048
2047
-428
124
-2048
935
-1537
973
1481
-1394
405
2047
1299
869
-311
-494
-2048
793
1369
-597
407
1502
950
474
63
-460
449
1855
-438
138
-77
383
-96
-684
1033
2047
984
-1160
-1300
1404
-689
1832
883
-1327
-2048
1202
2042
1702
-2048
1793
106
-97
-2048
834
-2048
1068
244
-1087
824
2047
447
525
-307
-135
-543
285
676
-1387
-469
191
674
-793
324
-338
772
1554
-129
171
171
3
-313
-372
1014
1131
-84
-786
-548
1124
-150
457
501
-765
-1134
-20
805
1246
-1695
1249
-390
-223
-1006
490
-1961
345
874
-273
602
1940
580
-328
-297
204
-498
655
648
-1560
-921
534
854
-514
333
-393
686
1704
83
243
315
165
-487
-396
1146
2047
-685
-397
-546
1171
-328
1075
786
-901
-1416
303
1058
2047
-2048
1613
-295
-237
-1775
548
-1892
889
1040
-707
241
1750
728
-225
14
-79
-1061
921
790
-1352
92
511
1121
-332
543
-572
773
1787
-103
410
236
356
-40
-893
937
2047
-823
-782
-544
1657
-467
839
1003
-1015
-1809
341
1217
1598
-2048
1429
-390
-67
-2048
808
-2048
1376
1287
-1126
617
1604
1445
57
-649
-356
-990
787
610
-1198
225
784
676
501
494
-376
836
1666
-193
430
-94
266
248
-584
917
2047
252
-888
-800
1466
-652
1612
1164
-1638
-2048
596
1604
1263
-2048
1783
-107
-147
-2048
778
-2048
1432
290
-1267
341
2047
1247
468
-399
-56
-910
729
755
