-2043
1902
2047
2047
-1917
1780
-1596
-2046
2047
-659
-812
-1980
-1731
2023
-2047
2047
2047
-1886
-2034
-2029
2047
-1849
2047
1770
-2046
-2047
2040
2047
2047
-2047
2047
1974
-1745
-2047
405
-2047
2038
2047
-2046
2047
2047
2047
2044
301
68
-2046
1989
2047
-2047
1990
1561
2047
-2047
1918
1674
-1902
2047
-1030
-2013
-2023
339
-1059
-2046
2047
2047
-2044
-2047
1970
2047
-1803
2047
1677
-2047
-2047
2045
2047
2045
-2047
2047
-107
-1836
-2047
291
-2047
1973
2047
-2047
2027
2002
2047
2026
-543
1677
-2047
1201
2047
-2044
-1275
2024
2047
78
1980
-1955
-1372
2047
-1778
-2006
-2047
1904
-224
-2023
2036
2047
-2034
-2047
2046
2047
-367
2045
-821
-2047
-2047
1871
2047
2010
-2047
2047
-1527
137
-2047
-571
-2043
1938
2047
-2047
-107
2047
2047
1992
-1388
1509
-2047
-1175
2047
-2008
1908
2046
2042
1798
1705
-2047
1750
2047
-1824
-1523
-2043
1807
-1949
-1775
2042
2047
1765
-2047
-2039
2047
-1822
2040
2032
-2047
-2047
2047
2047
2047
-2047
2041
-948
-821
-2047
2030
-2047
1937
2046
-2047
2046
2047
659
1059
214
262
-2047
534
2046
-2046
-2047
2030
2047
-2047
1954
-1928
2007
2047
2022
812
1404
-677
762
-2047
2046
2047
-970
-2047
-2020
2047
-2043
2047
2047
-2046
-2047
1934
2047
2047
-2047
2047
-1705
-624
-2047
1080
-2047
2047
2046
-1942
2047
2047
2045
-1953
-1889
-1557
-2047
2031
2047
-2043
-1818
2047
2047
-2046
2044
-2032
1993
2047
1928
-1619
1651
1600
-1960
-2047
2045
2047
2024
-2047
-2047
2047
-2002
2047
2047
-2046
-2047
1987
2047
2047
-2047
2047
-2026
1094
-2047
1877
-2047
2047
2047
-2045
1923
2047
2033
-963
1702
-940
-2014
2047
2047
-1699
-339
2047
2047
-1640
2041
-1838
-175
2047
0
-1311
-1763
2001
-1667
-1936
1281
2047
2047
-2047
-2047
2047
-1414
2046
1101
-2039
-2047
1350
2047
2047
-2047
2047
-2046
1954
-2047
2044
-2047
1245
2047
-2035
788
2047
2047
2046
-1956
-1926
-2046
2047
2047
-2016
-175
2047
2035
2032
-214
-2046
2028
2047
-1745
901
-2044
1946
-2045
-1263
2018
2047
2046
-2047
-2047
2047
-2016
2047
2036
-2047
-2047
2043
2047
2047
-2047
2047
-1585
-909
-2047
2045
-2047
1942
2027
-2045
1742
2047
1857
-243
-633
-1839
-2005
2011
2044
-2047
-1711
2026
2047
-2041
1852
1908
2045
2047
-1339
1826
1986
-405
-1998
-2032
2047
2047
901
-2047
-1940
2047
-2031
2025
2044
-2047
-2047
1961
2047
2047
-2047
2047
-1993
-1869
-2047
2045
-2047
2047
2047
-2036
2047
2047
2047
-1275
-571
1745
-2047
2047
2046
-2047
-1971
2047
2047
-2047
2033
-1585
1037
2047
-1585
2032
2045
-185
-686
-2045
2046
2047
-1328
-2047
-2046
2047
-2046
2047
2043
-2047
-2047
1836
2046
2047
-2047
2047
-1955
1871
-2047
2046
-2047
2047
2047
-2046
2047
2047
2047
-1372
-1792
-1971
-2047
2047
2047
-2047
1439
2047
2047
59
1906
-1997
-1383
2047
-1705
1950
2036
1880
1989
-2047
2046
2047
405
-2047
-2041
2047
-2046
2047
2003
-2047
-2047
1928
2047
2047
-2047
2047
-1979
1087
-2047
2046
-2047
2047
2047
-2047
1963
2047
2047
2046
-1847
-2011
-2047
2045
2047
-2033
1964
2047
2047
2003
597
-1997
1991
2047
-1985
1182
-720
1944
-877
-2041
2047
2047
2047
-2047
-2047
2047
-2041
2047
2046
-2047
-2047
2047
2047
2047
-2047
2047
955
-885
-2047
2046
-2047
2047
1684
-2047
2045
2047
1990
2020
-1839
-1162
-2024
1794
2041
-2047
-2001
1478
2040
-2045
1869
-1891
2044
2047
-1122
1377
1377
29
-1850
-1933
2047
2047
-779
-2045
-2025
2047
-1257
1995
2013
-2044
-2047
-195
2045
2047
-2047
2047
-1950
-1611
-2047
2009
-2047
1900
2046
-1765
2034
2047
2031
-1876
-1820
1536
-2012
2039
2039
-2047
-2046
2022
2046
-2017
1883
-1953
2041
2047
771
1680
1854
1345
-2008
-1956
2047
2047
-2041
-1956
-2025
2047
-1876
2047
2045
-2046
-2047
1832
2047
2047
-2047
2047
-1816
-1661
-2047
2025
-2047
2046
2047
-2042
1674
2047
2043
-1619
137
-737
-2047
2046
2045
-2047
845
2016
2047
-1882
2024
-2030
2044
2047
-932
1967
1657
1914
-386
-2046
2046
2047
-2045
-2045
-2024
2047
-2000
2046
2047
-2047
-2047
1895
2047
2047
-2047
2047
-1950
-633
-2047
2045
-2047
2047
2047
-2047
2036
2047
2047
543
-2039
-1914
-2047
2045
2035
-2047
1619
2045
2041
2013
2011
-1937
2046
2047
-1487
1980
-861
1747
1696
-2032
2046
2047
1708
-2046
-2045
2047
-2039
2047
2047
-2047
-2047
2033
2047
2047
-2047
2047
-963
-1239
-2047
2045
-2047
2047
1805
-2047
1895
2047
2047
2000
-1958
-534
-2046
2043
2044
