-998
13
245
-673
-715
1191
195
1142
782
328
362
-9
1213
0
256
845
166
273
-33
434
-1172
764
-2
642
634
-799
258
364
860
805
-53
-104
20
288
-48
84
15
-1001
525
773
251
265
350
450
-73
-3
781
667
-1121
-712
-118
153
-534
588
184
-1051
74
232
-198
-693
-122
268
133
525
780
-539
69
-69
-105
1061
-32
1140
1266
-548
767
774
1276
1311
-5
2
222
-174
5
135
36
211
587
103
14
271
655
-23
-11
58
474
936
-1177
-70
68
-46
317
-267
1501
-256
1149
-88
372
8
-954
78
-313
250
457
-641
-543
96
-686
479
21
8
78
-292
255
263
585
78
73
16
163
9
62
123
118
-161
627
72
1
356
156
51
75
-120
821
244
-709
-152
-182
498
91
267
153
-725
1069
-395
416
-260
-50
155
-12
644
45
571
-328
-142
-912
675
0
0
45
-263
254
322
532
216
39
91
206
59
49
45
81
-267
453
-96
1
153
-14
47
0
186
639
403
1045
-957
-686
57
37
1817
11
1293
-1155
208
179
157
-400
145
-269
-588
638
-74
454
-92
402
632
69
454
-803
-188
8
1107
675
4
233
112
172
-3
-326
8
-317
-52
640
335
136
-1
191
-93
193
-192
534
577
625
-607
89
-153
-581
-829
-193
489
-965
6
-126
614
392
203
-39
-352
667
532
316
20
997
-199
496
211
-887
-418
-1
1258
481
14
336
2
96
-10
-224
173
145
-51
955
209
-28
497
78
23
142
-80
352
798
268
202
-903
-202
-72
-15
-187
-250
-643
710
76
-119
643
69
-1
-586
959
-128
441
34
541
121
-21
31
-721
-17
17
913
1099
49
63
-14
3
-17
-322
131
291
-373
238
117
-58
-20
61
32
315
-90
1030
277
-1072
8
229
198
397
208
251
76
989
40
17
817
-755
153
82
400
376
426
-217
145
-309
1171
12
277
-14
-41
78
617
938
-19
-56
-4
71
-148
-168
-33
68
236
470
339
84
273
1
186
-1
-164
873
290
660
745
27
1147
1080
-636
-91
1536
-840
564
-66
420
-173
1
39
-387
652
374
461
-30
-4
778
219
-73
3
-381
-1
1104
420
263
483
54
25
-12
0
-30
-121
-187
598
175
537
45
355
84
-100
-352
91
640
123
-422
-297
827
451
-280
-129
342
-705
1307
151
1064
19
6
169
-445
944
46
195
177
493
876
-190
8
-343
-102
44
1369
1644
-150
-48
43
114
64
-88
-45
97
-533
400
141
-83
114
235
226
-228
-276
1066
1260
1088
335
567
-199
189
786
234
-739
-582
654
352
346
661
35
90
-319
660
-28
393
8
263
961
483
250
17
72
31
1515
473
-157
64
-8
177
-38
-140
59
123
28
260
-53
268
-71
-180
314
-158
132
688
1334
-796
223
275
29
167
452
-15
597
701
-25
118
101
444
72
156
509
489
514
207
-5
81
941
408
85
-74
-153
-45
887
944
66
-123
6
63
-40
-284
-159
417
-20
570
102
226
275
27
127
66
-297
1189
68
758
3
-96
411
-116
353
94
-343
543
165
358
34
70
119
-390
271
-55
478
178
203
-541
766
133
91
-50
-81
103
228
97
233
380
217
280
368
321
-91
326
246
432
34
438
128
175
70
217
372
310
204
303
164
-121
-298
-266
-22
171
-349
764
1116
19
88
-370
-73
-284
105
73
771
-70
546
-463
984
58
4
-276
25
14
708
21
134
50
335
318
411
-119
-72
264
-291
729
58
8
180
133
183
179
35
1156
102
-65
154
11
-457
-17
260
-49
-445
677
498
136
-79
-602
49
404
477
106
757
-94
327
-492
924
226
186
-7
-50
52
521
53
402
160
237
271
274
724
-25
477
-219
676
1
149
98
250
364
-14
-529
290
21
-1041
-84
34
-225
184
-19
44
-222
538
160
35
-14
-213
37
227
241
65
261
-216
359
-428
824
113
-10
610
-88
76
623
183
352
-102
93
98
-3
221
-212
213
-25
916
-2
694
-68
50
1
-22
-471
82
14
