1059
958
-1028
1899
1438
738
428
985
-101
447
264
320
-1058
-330
424
679
513
-101
816
1098
1427
109
-52
-589
765
1512
206
-214
413
1401
1280
995
-175
892
30
-48
697
962
215
515
-61
796
473
-14
-9
-113
224
657
1161
-687
461
512
1529
1405
-319
-971
741
632
510
-1161
-5
154
310
518
1717
-578
378
-623
552
810
1181
-406
979
1398
89
569
1138
938
139
-41
460
703
70
183
378
731
20
72
-89
157
147
-54
-83
268
145
666
1360
-209
-2
1043
-45
1262
1101
-259
-439
1104
884
-58
1086
75
601
540
1249
-604
942
-354
981
89
-465
281
441
1304
64
10
914
337
159
-467
-1
993
20
-50
318
821
194
-12
302
145
157
40
32
514
-5
522
1070
923
-765
1377
-842
293
1284
-765
-539
1042
674
933
1022
934
373
1006
518
287
1077
906
1250
-143
-441
-424
327
970
914
69
777
820
427
-232
-123
933
-85
85
395
564
488
466
575
-11
34
0
15
392
10
314
-1400
1856
1270
99
-810
1538
-977
1410
1929
802
434
951
324
113
464
-719
1206
-156
-481
-32
-37
731
1090
1033
979
1272
-413
919
1143
793
141
-444
139
193
297
563
509
-16
-187
129
611
578
234
-66
-7
333
277
516
-1277
1273
1812
-789
-692
1670
-1015
1469
1922
838
-800
1061
-686
-503
133
-632
1389
979
-313
-126
-334
814
1265
1068
866
1147
-378
1331
1196
36
288
-354
-131
201
531
696
271
355
-62
23
597
304
29
185
5
135
383
788
-557
204
1587
-564
51
1520
-859
-103
1512
0
-412
-887
-696
-19
-229
-451
1466
1005
-112
-157
-178
435
839
86
652
1030
-214
1099
1162
120
406
-138
-68
494
558
370
114
512
43
30
618
402
333
122
55
272
220
611
1169
-86
-145
1301
-748
12
221
-31
-210
774
-211
962
828
873
-76
692
895
520
837
706
611
90
-59
-197
374
635
36
288
850
441
451
-174
26
655
248
583
240
246
187
82
764
68
5
28
-150
313
67
-9
-901
1096
926
-745
-1073
1241
1103
1447
1678
-351
983
1164
172
120
-326
-454
1001
21
-201
-168
517
650
864
660
831
1034
-246
815
454
835
370
-187
299
239
350
641
457
528
70
303
634
410
-7
-1
64
480
248
539
-781
1182
1449
-588
-895
1383
-727
598
1585
-240
1149
1259
65
-51
-202
-356
1305
-258
-226
-296
-61
730
958
686
695
916
-188
763
1079
273
514
-110
19
387
368
667
494
655
213
393
519
305
-77
125
273
257
108
824
-800
-663
1127
-450
27
1114
-681
-642
1415
238
881
1073
-476
-51
83
-275
1292
65
-173
-254
136
631
857
249
561
799
-65
976
822
352
637
-21
26
539
293
470
280
614
512
91
505
603
511
283
227
301
-77
872
1046
-268
-9
-172
-412
162
-312
384
28
710
32
61
-235
208
11
371
1090
592
614
510
223
391
607
97
460
751
339
593
737
553
610
49
-12
655
263
716
212
-25
259
41
927
518
97
130
-255
491
-214
-238
-724
131
-618
65
-415
-132
-119
-214
89
267
-75
268
10
622
634
249
-19
50
-62
369
870
-175
-172
15
344
530
-21
85
273
443
446
48
58
225
205
609
88
309
-48
113
799
30
66
38
387
416
356
-115
-267
-384
-681
1001
-66
-586
-61
-137
-60
-220
7
264
452
636
489
63
351
423
348
185
785
-149
127
106
253
555
52
272
603
642
554
51
62
341
359
680
185
295
-86
-114
846
1
150
-12
-201
720
573
-223
141
339
-573
1111
649
-83
103
-294
10
245
-224
-65
634
73
554
630
447
398
468
294
810
-28
179
234
282
566
108
439
488
658
410
188
36
301
537
835
210
148
-89
-121
978
63
-69
-99
-552
824
601
-382
1061
681
-382
909
-395
-344
138
-196
88
332
-217
144
447
-160
412
572
491
-21
375
337
645
112
545
408
511
633
147
723
441
478
405
103
159
206
589
942
155
-228
-170
-308
1291
-116
-289
-31
-209
887
716
-463
