-26
43
-4
-6
186
1028
321
691
77
189
221
91
309
1147
3
163
409
-534
20
48
1357
-118
776
86
885
328
231
-62
1159
1036
188
1281
11
75
-48
955
-209
1701
50
270
-30
710
-36
248
4
603
163
234
-1
4
25
86
66
30
-28
45
1
-11
176
158
219
337
483
2
146
145
243
32
-21
10
10
34
435
735
176
394
-8
699
40
1572
419
126
43
423
-93
872
36
33
23
147
-135
18
0
513
18
-45
17
149
25
34
-2
50
-220
41
-2
1
0
127
462
785
164
36
300
-1
6
273
290
76
0
14
793
639
115
229
20
68
398
1677
110
-31
134
697
-83
1257
121
0
158
20
29
179
49
-69
121
242
-2
57
3
3
0
6
204
4
1321
28
115
38
740
658
3
959
163
-120
3
60
918
67
35
3
507
411
255
5
9
72
6
1352
215
45
43
650
61
2047
90
-1
1
936
-6
16
65
112
10
112
19
183
2
2
69
87
610
770
349
3
224
7
2
4
12
-38
819
12
-25
73
219
77
509
165
-30
101
639
186
956
794
19
0
7
12
-22
455
19
605
20
510
18
140
586
92
500
66
114
-53
9
-2
13
13
122
43
32
648
95
-60
16
9
14
1
194
243
322
67
-1
69
63
-7
431
324
144
-94
1000
1
23
234
280
-7
152
-35
1
-2
-3
-2
-5
20
111
544
-147
83
431
309
3
933
9
-11
123
39
46
37
-1
137
2
203
-93
8
5
84
82
-1
178
74
541
170
162
27
118
-3
-136
12
384
47
97
63
-53
3
17
-20
42
10
1
2
18
134
5
5
28
31
277
315
200
658
38
16
173
27
71
156
-14
-23
1206
238
219
204
-32
0
4
725
2
-41
0
18
1021
1
85
-4
10
394
30
41
106
14
-44
-9
182
26
24
157
111
1087
-2
2
-16
785
93
110
51
297
27
263
18
14
2
8
-47
378
577
224
422
19
114
149
5
7
-3
41
32
0
0
4
165
-33
210
25
72
358
33
1
888
12
36
2
110
6
-1
765
6
320
-2
120
-5
113
392
15
201
127
19
11
79
382
30
220
204
33
76
2
81
-120
6
10
0
250
38
456
171
44
418
161
10
1
368
-17
-75
598
-50
99
-7
-109
148
37
346
241
34
106
-2
28
6
74
112
117
678
267
187
6
173
194
-43
110
0
3
0
38
154
235
68
0
88
-44
108
610
-4
28
-4
-8
52
40
294
-10
108
36
43
63
0
0
4
7
0
147
75
143
6
130
16
-2
1
6
12
2
168
11
11
1
14
464
194
147
96
26
5
0
67
-7
1034
-17
85
132
77
42
6
687
116
42
205
334
696
211
1
43
-142
401
96
142
36
67
-4
1
241
0
4
306
78
1161
175
437
148
520
248
53
213
28
333
262
-202
51
11
0
6
1157
822
2
38
193
734
6
2
429
80
-4
231
604
33
72
39
238
-5
105
119
-39
53
-17
1062
61
2
124
635
1835
93
709
1608
385
385
45
622
24
262
143
1
81
5
-78
-58
3
-13
92
12
551
290
19
0
-91
42
317
260
471
54
0
722
1149
91
175
-97
606
8
654
-551
150
75
-2
-1
-6
115
34
663
1837
207
275
1809
0
152
34
472
474
138
-153
28
0
75
109
121
5
8
42
38
644
499
6
3
-78
-1
78
14
485
33
86
214
383
36
6
38
334
4
599
-318
64
136
31
-25
4
264
91
661
1706
47
308
1672
77
360
41
40
257
33
121
39
37
88
-113
200
216
123
77
23
817
200
36
914
112
86
0
124
11
15
768
43
138
79
21
539
37
9
16
122
326
15
1
-4
-12
167
1
179
683
16
671
1506
1143
84
-11
92
424
142
46
144
191
10
97
