1689
-803
-891
-1684
-1304
1422
667
-678
417
-103
688
-134
-788
-92
896
-369
-342
383
232
1466
1908
73
48
764
1188
-1418
446
387
-243
1932
383
-408
99
-736
339
524
710
1706
-28
931
188
-638
478
90
358
202
27
783
1822
1308
991
-221
-1381
2047
-138
1859
-436
-38
976
1750
481
348
797
-172
-1580
1133
71
-328
765
386
-358
936
1530
-1110
539
-250
-998
1462
104
106
514
-543
358
99
74
1569
42
516
138
-1
322
228
164
846
124
992
1885
348
212
404
775
1868
1474
745
889
-555
1724
16
1620
292
1081
-266
-968
1211
1099
-201
1459
3
106
89
678
-760
352
256
-594
351
110
80
90
88
117
329
144
1418
1
445
23
-25
72
20
409
765
0
-97
1364
-616
-542
730
1377
721
256
1319
1007
-897
1364
-735
1393
773
853
-639
-356
-105
782
1450
1552
32
63
-26
470
-710
806
59
-491
1113
-266
109
51
26
163
-12
309
1168
-124
1185
-48
23
187
13
208
886
0
437
-1098
-1712
1839
368
310
2047
102
-953
-1879
-328
708
-784
878
58
929
1158
-875
508
-90
378
226
263
145
-852
1664
-1154
-125
-540
-905
732
-33
643
-12
-59
854
-298
840
489
441
536
-448
-344
187
377
295
925
75
955
-1011
-1161
2047
952
1244
2047
-560
-939
-1745
-422
-513
-925
-220
202
299
932
-997
-835
-82
285
-109
-660
-71
-827
1604
-908
54
-1031
-606
296
-120
-71
27
367
1234
-117
190
996
356
562
-223
-26
269
-6
489
634
428
951
-159
274
2047
661
408
1423
-679
661
-1291
577
43
444
-269
63
-44
1135
-1275
-817
14
52
181
-253
500
51
1308
-629
-1
-958
-987
575
-106
146
7
-232
1206
179
83
996
15
449
-374
310
426
17
126
400
-72
571
1843
37
305
-887
1194
550
133
497
684
-572
208
-817
1367
956
122
-125
-647
-130
629
1078
963
44
2
274
611
-344
14
-99
-674
808
-284
102
72
-483
531
-386
125
743
-27
647
-267
119
182
3
-35
817
-5
214
-539
-912
1250
1246
1701
1813
859
-975
-1518
743
1271
-1038
540
-3
-92
905
-785
110
4
279
695
6
-132
-492
1412
-853
-98
-515
58
1018
-180
203
-22
133
895
-246
524
1139
115
848
-456
-242
94
247
396
951
179
964
-393
-989
2047
1050
1396
2007
-451
-35
-1473
912
1393
-1137
465
84
144
968
-1093
438
-77
-136
318
133
-569
-340
1351
-622
47
-578
-867
594
-324
-19
11
22
871
-320
174
1339
-54
786
-349
-61
78
74
817
791
70
1385
-519
151
1790
807
255
1594
-518
1428
-1264
-7
526
-798
-228
18
256
781
-1181
198
-41
-60
456
-110
-427
30
1212
-475
73
-781
-425
609
-234
151
2
-376
688
-160
205
1314
-55
629
-334
-379
691
-138
559
794
-2
1363
1598
153
402
604
919
795
-155
-56
352
-525
410
148
-8
-25
325
94
-930
-284
143
738
475
-132
-428
-16
920
-498
606
-383
-574
988
-437
10
146
-493
729
-557
-80
164
-120
435
-603
-339
169
-34
-99
937
-64
-83
-535
-36
-428
213
642
350
15
800
310
48
22
-107
360
134
922
95
280
13
36
616
1144
-14
27
154
459
-347
14
215
-108
366
-286
25
22
45
524
-386
13
760
85
576
-623
100
144
136
686
848
231
80
163
-37
-504
-805
845
-420
74
807
548
719
116
54
851
-352
800
519
74
-260
336
530
1139
154
-10
-22
755
-267
234
-60
128
771
23
104
101
-145
950
-368
186
921
295
468
35
182
325
164
47
918
-28
36
766
-80
-348
-982
-249
97
454
1131
437
97
50
415
1194
-7
692
-432
-65
-241
488
598
1106
6
-39
40
637
-290
-5
-199
-138
1038
-98
-45
2
-17
1071
-375
1
710
42
-22
-831
169
140
418
-148
1363
512
-150
1712
-450
-226
-739
1206
-160
137
811
286
-126
-19
137
691
162
710
-246
-211
178
601
754
1007
-19
-110
-245
949
-406
198
-485
-281
922
393
15
52
-63
1024
-739
106
240
479
75
-1009
314
-134
105
175
1428
582
-302
