-2029
-1992
-1955
-1918
-1881
-1844
-1807
-1770
-1733
-1696
-1659
-1622
-1585
-1548
-1511
-1474
-1437
-1400
-1363
-1326
-1289
-1252
-1215
-1178
-1141
-1104
-1067
-1030
-993
-956
-919
-882
-845
-808
-771
-734
-697
-660
-623
-586
-549
-512
-475
-438
-401
-364
-327
-290
30
25
32
-61
-26
-20
-26
22
-38
-24
10
-13
4
20
-52
17
-29
4
-14
-16
-19
24
-24
24
59
-7
0
8
11
7
-12
-18
-53
-14
34
18
19
-16
-28
-39
-4
-18
11
-18
-14
52
-30
-34
-463
513
-752
874
-791
423
-267
-393
-344
-759
-354
-110
739
-278
-17
211
79
119
-353
-518
614
-14
-253
-426
-271
-487
1
-462
-40
-426
440
500
160
-158
77
288
279
208
29
87
-230
257
132
-57
-154
221
51
177
-1
20
-5
32
26
-4
7
-3
-4
-1
42
37
-5
-1
-3
5
11
7
18
-4
52
-5
7
-5
-1
-2
-3
-3
0
0
-2
-5
-3
4
12
40
-3
26
-5
-4
-1
17
49
28
13
6
-4
62
-1898
-1861
-1824
-1787
-1750
-1713
-1676
-1639
-1602
-1565
-1528
-1491
-1454
-1417
-1380
-1343
-1306
-1269
-1232
-1195
-1158
-1121
-1084
-1047
-1010
-973
-936
-899
-862
-825
-788
-751
-714
-677
-640
-603
-566
-529
-492
-455
-418
-381
-344
-307
-270
-233
-196
-159
18
19
13
-47
-30
-5
-26
18
-28
2
17
-22
9
12
-11
-4
-32
-6
-4
7
-23
12
-8
-11
23
-5
-3
-2
15
-2
-1
15
-7
-25
8
11
25
5
-37
-36
1
-26
11
-19
7
44
-24
-24
-415
-469
299
25
-655
771
-258
640
77
-678
-202
745
-24
-145
-21
37
601
454
142
-431
70
-461
406
-317
-345
-424
-91
-36
496
-169
-185
442
-232
-91
269
139
146
94
246
-56
-132
-77
-13
122
-98
120
113
112
-2
4
26
4
0
-1
9
-2
-5
24
35
-5
-3
-4
-3
1
21
16
24
-4
15
-5
19
-2
-5
-5
-4
-5
29
-2
21
-3
-4
17
7
28
0
28
-4
21
-2
11
-3
5
1
10
-4
20
-1767
-1730
-1693
-1656
-1619
-1582
-1545
-1508
-1471
-1434
-1397
-1360
-1323
-1286
-1249
-1212
-1175
-1138
-1101
-1064
-1027
-990
-953
-916
-879
-842
-805
-768
-731
-694
-657
-620
-583
-546
-509
-472
-435
-398
-361
-324
-287
-250
-213
-176
-139
-102
-65
-28
31
31
22
-60
-31
11
-33
-3
-32
9
19
-12
27
0
-20
-1
-29
15
-20
8
-10
14
-17
7
22
4
-8
-3
-16
-7
-11
11
-30
-24
9
20
23
-3
-33
-36
-5
-31
13
-17
18
32
-19
-26
-626
213
-95
386
-655
650
-572
244
-533
-658
-418
229
589
-378
-246
196
341
441
-228
-350
267
-268
-400
-374
-67
-372
-17
-290
432
165
-158
382
-12
-226
-29
151
122
205
77
124
-100
-89
12
-3
-10
67
28
75
-1
15
23
18
8
-4
0
-2
-4
2
20
7
-4
-4
-4
3
24
8
15
-5
40
-4
12
-4
2
-5
-4
-5
24
-2
0
-5
-4
-2
4
21
-3
28
-5
-1
-1
38
12
14
-4
16
-4
16
-1636
-1599
-1562
-1525
-1488
-1451
-1414
-1377
-1340
-1303
-1266
-1229
-1192
-1155
-1118
-1081
-1044
-1007
-970
-933
-896
-859
-822
-785
-748
-711
-674
-637
-600
-563
-526
-489
-452
-415
-378
-341
-304
-267
-230
-193
-156
-119
-82
-45
-8
29
66
103
22
40
29
-66
-20
-17
-30
0
-43
-11
18
-2
3
7
-27
-16
-44
-6
-38
-1
-7
24
-30
17
53
8
-22
10
-27
5
-18
11
-21
-35
31
43
21
-29
-39
-46
-12
-40
5
-2
-7
54
-37
-42
-522
489
-584
645
-582
152
-538
-543
-603
-598
-468
-395
593
-478
-191
441
-64
138
-337
-394
450
141
-361
-339
46
-204
287
-267
262
-103
121
296
186
-166
-147
134
167
157
-77
111
-33
-32
16
-5
59
13
11
21
-1
11
-4
6
0
5
-2
-3
-5
-3
6
0
-4
-5
-4
-2
4
4
6
-4
22
-5
1
-5
-1
-5
-5
-5
7
1
0
-4
-5
4
8
29
7
31
-4
1
-4
7
1
8
4
0
-5
8
-1772
-1735
-1698
-1661
-1624
-1587
-1550
-1513
-1476
-1439
-1402
-1365
-1328
-1291
-1254
-1217
-1180
-1143
-1106
-1069
-1032
-995
-958
-921
-884
-847
-810
-773
-736
-699
-662
-625
-588
-551
-514
-477
-440
-403
-366
-329
-292
-255
-218
-181
-144
-107
-70
-33
8
15
22
-25
-13
-41
-10
-6
-17
-27
-32
-27
11
6
10
11
-21
5
9
7
-2
-2
-19
0
20
1
-3
21
9
12
3
-16
-29
4
20
-5
18
-18
15
-27
-12
-3
5
-6
-35
43
-4
-29
924
-782
612
-190
619
827
640
715
731
359
593
739
-532
155
-59
-546
471
202
519
108
-245
-281
434
367
-387
-354
-307
234
301
-88
-274
339
-242
245
292
40
33
-160
175
-99
57
185
-69
98
41
64
56
18
8
3
11
12
13
-2
1
-3
-5
4
27
38
2
12
-4
14
21
11
18
-5
7
-4
25
-4
6
-5
-5
-4
21
32
19
-5
-5
23
2
1
28
30
-2
14
-5
47
54
41
30
23
-5
11
-1641
-1604
-1567
-1530
-1493
-1456
-1419
-1382
-1345
-1308
-1271
-1234
-1197
-1160
-1123
-1086
-1049
-1012
-975
-938
-901
-864
-827
-790
-753
-716
-679
-642
-605
-568
-531
-494
-457
-420
-383
-346
-309
-272
-235
-198
-161
-124
-87
-50
-13
24
61
98
13
19
10
-22
-13
-13
-13
4
-20
-13
-17
-23
7
-1
3
12
-17
15
1
9
-16
-2
-1
-10
4
-12
-2
9
-10
-10
1
7
-25
4
-8
-12
21
5
18
-15
2
-14
2
-12
-17
25
-3
-11
837
-745
798
-696
541
798
669
760
715
431
600
690
-525
361
101
-485
586
457
526
271
-394
-381
479
401
-328
-285
-292
394
375
332
-192
294
-157
241
265
-38
-14
-99
170
-49
111
67
-16
80
12
11
31
99
-3
16
5
-4
-1
5
3
-3
-5
-3
31
-4
-5
-5
-3
-4
18
8
20
-2
7
6
12
-4
-4
-5
-5
-4
5
25
34
-4
-1
8
21
6
7
29
-5
15
-3
6
4
22
25
2
-4
1
-1510
-1473
-1436
-1399
-1362
-1325
-1288
-1251
-1214
-1177
-1140
-1103
-1066
-1029
-992
-955
-918
-881
-844
-807
-770
-733
-696
-659
-622
-585
-548
-511
-474
-437
-400
-363
-326
-289
-252
-215
-178
-141
-104
-67
-30
7
44
81
118
155
192
229
23
6
10
-27
-4
-16
-9
-1
-11
3
-4
-7
-10
9
2
15
0
9
8
-18
6
-4
-8
14
15
-6
-9
5
-10
10
-6
15
-6
-6
4
-8
5
-7
-1
-19
1
-6
11
-15
-11
18
5
-11
415
-678
633
-539
4
730
584
673
571
-118
385
619
-476
54
199
-427
507
378
265
261
-335
-319
320
67
-251
-219
-209
295
310
286
-127
232
-107
78
183
-8
79
-2
80
29
33
10
37
-2
30
5
-45
139
-5
4
5
8
13
-3
-4
-5
-4
-2
12
-5
-5
-2
-3
-4
-5
0
29
-5
1
1
24
-5
-4
-4
-4
-4
1
13
-4
-4
-5
-1
5
6
-1
24
-5
4
-2
1
-5
7
-4
8
-5
2
-1379
-1342
-1305
-1268
-1231
-1194
-1157
-1120
-1083
-1046
-1009
-972
-935
-898
-861
-824
-787
-750
-713
-676
-639
-602
-565
-528
-491
-454
-417
-380
-343
-306
-269
-232
-195
-158
-121
-84
-47
-10
27
64
101
138
175
212
249
286
323
360
27
18
18
-48
-11
-30
-17
-1
-29
-8
14
7
-15
18
-10
-2
-20
-6
-26
-17
4
7
-12
9
41
10
-22
17
-3
20
-14
3
-1
-27
26
18
12
-38
-6
-32
-4
-17
1
6
-18
43
-16
-32
-571
561
-304
622
-520
-60
28
-114
-400
-459
-283
-407
417
-351
95
301
145
136
-288
-154
135
37
-226
-216
-37
0
-105
-148
204
107
-96
162
-15
-11
0
28
75
42
34
8
84
-13
-18
-39
146
-95
-48
-135
-4
8
-3
-2
-1
-4
2
-4
-4
3
7
-5
-4
-3
-4
-3
4
12
3
-5
12
-5
-1
-5
-1
-5
-3
-5
0
8
0
-5
-5
-1
8
26
-2
28
-5
4
-3
4
-4
8
8
2
-5
14
-1515
-1478
-1441
-1404
-1367
-1330
-1293
-1256
-1219
-1182
-1145
-1108
-1071
-1034
-997
-960
-923
-886
-849
-812
-775
-738
-701
-664
-627
-590
-553
-516
-479
-442
-405
-368
-331
-294
-257
-220
-183
-146
-109
-72
-35
2
39
76
113
150
187
224
23
20
21
-34
-21
-27
-11
-3
-20
-18
-5
-19
15
7
10
8
-14
10
6
3
0
6
-13
2
26
3
-7
5
5
8
-10
-15
-12
-5
22
6
16
-16
8
-24
-7
-12
12
-18
-2
36
-4
-31
811
-685
424
-611
716
708
597
671
624
326
560
591
-475
11
284
-427
344
10
453
163
99
-264
391
237
-265
-222
-212
260
-62
-111
-123
185
-126
204
54
-3
35
-26
67
-12
20
49
33
12
-4
-31
-60
150
-1
-1
-4
-5
13
-5
0
-5
-3
-5
2
-3
-5
-4
-4
-3
-1
13
-4
-3
16
2
18
-5
-5
-4
-5
-5
5
30
-3
-4
-4
0
6
1
-1
27
-3
-2
-3
-4
2
4
-5
20
-5
5
-1384
-1347
-1310
-1273
-1236
-1199
-1162
-1125
-1088
-1051
-1014
-977
-940
-903
-866
-829
-792
-755
-718
-681
-644
-607
-570
-533
-496
-459
-422
-385
-348
-311
-274
-237
-200
-163
-126
-89
-52
-15
22
59
96
133
170
207
244
281
318
355
29
19
19
-32
-12
-14
-16
-8
-11
-15
-5
-17
16
-24
20
7
-6
10
2
8
4
-5
-15
2
5
9
-17
2
-12
11
-7
-7
-16
-19
-5
-6
18
-16
1
-29
1
-24
14
-11
14
22
-2
-10
752
-610
590
-564
660
671
559
635
578
210
541
561
-397
98
252
-359
444
248
422
315
-274
-257
358
255
-204
-156
-169
266
247
201
-67
132
-44
138
55
-18
6
42
26
28
-6
-37
93
-30
-86
146
-110
232
8
7
5
0
9
19
18
-4
-5
-4
37
2
-4
4
-3
-2
7
36
11
-1
24
-5
5
-5
6
-5
-5
-4
21
40
20
-3
-3
5
22
5
6
18
-4
4
-4
26
18
17
29
5
-5
3
-1253
-1216
-1179
-1142
-1105
-1068
-1031
-994
-957
-920
-883
-846
-809
-772
-735
-698
-661
-624
-587
-550
-513
-476
-439
-402
-365
-328
-291
-254
-217
-180
-143
-106
-69
-32
5
42
79
116
153
190
227
264
301
338
375
412
449
486
29
13
17
-34
-13
-10
-12
0
-13
-10
-4
-10
13
-9
-2
9
-9
11
10
-2
12
0
-9
5
12
-4
-14
3
-12
9
-7
4
-11
-8
6
-7
13
-4
-1
-19
1
-18
14
-11
11
21
-1
-10
640
-555
422
-509
521
604
467
557
447
-116
446
492
-344
-106
153
-302
365
176
311
260
-210
-195
274
60
-134
-91
-102
190
182
157
1
85
6
53
2
4
-12
86
-44
-17
-72
112
134
-120
-43
185
-179
249
-3
3
10
8
-2
-3
-2
-5
-1
-3
11
-4
-5
6
-4
-1
0
9
7
-4
19
-4
3
-5
5
-5
-4
-5
-1
26
0
-5
-5
-2
6
7
2
25
-4
-1
-3
9
-3
1
-4
1
-5
3
-1122
-1085
-1048
-1011
-974
-937
-900
-863
-826
-789
-752
-715
-678
-641
-604
-567
-530
-493
-456
-419
-382
-345
-308
-271
-234
-197
-160
-123
-86
-49
-12
25
62
99
136
173
210
247
284
321
358
395
432
469
506
543
580
617
21
23
17
-40
-10
-29
-17
-1
-23
-5
1
-3
-6
8
9
-5
-17
2
-21
-11
3
1
-16
12
30
9
-22
21
-5
17
-14
7
-4
-26
17
13
13
-36
-3
-28
-14
-17
-4
4
-18
45
-14
-28
-482
-225
-263
-259
-316
298
257
142
-303
-331
7
-83
-203
-253
112
28
253
160
-141
-60
-118
-99
22
-98
-27
-64
-19
-22
116
45
30
40
32
-11
2
-45
-66
-59
43
-119
162
219
-36
-28
273
-182
-185
-249
9
17
15
22
23
12
4
-3
-3
2
9
13
-4
12
-4
2
18
19
17
-4
16
-5
4
-5
14
-5
-3
-4
16
7
20
-4
-4
24
3
18
8
30
-4
14
-2
22
9
25
13
7
-3
4
-1258
-1221
-1184
-1147
-1110
-1073
-1036
-999
-962
-925
-888
-851
-814
-777
-740
-703
-666
-629
-592
-555
-518
-481
-444
-407
-370
-333
-296
-259
-222
-185
-148
-111
-74
-37
0
37
74
111
148
185
222
259
296
333
370
407
444
481
38
5
11
-45
-14
-23
-12
-13
-34
-39
8
-44
39
-20
37
-19
-9
7
59
-14
46
-21
-16
-13
19
7
-55
7
1
8
5
-41
12
-23
38
25
-1
-1
-42
-21
6
-33
31
-23
25
46
-22
-57
640
6
-508
-80
367
-136
130
-252
-218
-248
-91
192
409
-329
-309
-36
-205
-58
169
-113
290
184
-177
-78
-60
-99
128
-91
-63
46
33
39
-2
48
32
-1
-7
21
78
-41
110
-83
16
27
251
-149
86
-176
33
66
5
-2
9
39
20
-3
-1
-2
8
16
-3
-1
-2
21
45
0
16
-5
15
-5
14
-5
-4
-5
-5
-4
35
10
51
-2
-2
20
13
17
34
32
-4
48
-4
28
-1
40
51
-2
-4
2
-1127
-1090
-1053
-1016
-979
-942
-905
-868
-831
-794
-757
-720
-683
-646
-609
-572
-535
-498
-461
-424
-387
-350
-313
-276
-239
-202
-165
-128
-91
-54
-17
20
57
94
131
168
205
242
279
316
353
390
427
464
501
538
575
612
25
12
12
-41
9
-16
-1
-9
-37
-56
-7
-33
66
-37
53
-17
-8
-8
42
-5
26
-25
-23
-31
-11
0
-50
9
-37
4
21
-9
27
-22
6
-1
0
-1
-36
-19
-22
-40
29
-5
24
38
-27
-34
417
372
-475
409
126
-411
103
-194
-327
-339
-37
107
354
-276
-216
-162
-157
-118
-134
-10
234
147
-114
-76
14
-64
-20
-31
-17
-4
30
19
-1
116
107
-52
-50
-15
169
-119
169
-125
-67
-98
323
-217
160
-260
74
77
27
8
4
37
56
-2
10
2
10
15
-5
56
-1
17
69
22
8
-3
5
-4
29
-3
24
-4
-4
-3
31
0
77
-2
-1
26
17
29
43
31
-3
69
-2
67
3
16
77
-3
-3
11
-996
-959
-922
-885
-848
-811
-774
-737
-700
-663
-626
-589
-552
-515
-478
-441
-404
-367
-330
-293
-256
-219
-182
-145
-108
-71
-34
3
40
77
114
151
188
225
262
299
336
373
410
447
484
521
558
595
632
669
706
743
29
2
20
-51
4
-27
-14
-10
-43
-36
-5
-26
34
-25
22
-11
-20
-3
28
-8
26
-14
-23
-13
6
1
-39
13
-11
21
8
-24
13
-15
12
-7
11
-1
-28
-26
-5
-26
10
2
-5
46
-33
-31
155
440
-411
424
-335
-140
41
-296
-302
-281
-200
-85
316
-208
-154
189
-104
-79
-126
-71
165
96
-45
-42
18
-3
6
35
-4
-13
-18
-42
-53
185
160
-111
-120
-139
243
-174
267
-214
-155
167
389
-287
199
-318
32
55
10
1
1
32
7
-3
5
-2
1
3
-5
19
-4
8
26
7
9
-5
11
-5
20
-5
8
-5
-5
-4
23
1
53
-3
-3
20
3
21
40
34
-4
32
-3
20
-3
22
37
4
-4
6
-865
-828
-791
-754
-717
-680
-643
-606
-569
-532
-495
-458
-421
-384
-347
-310
-273
-236
-199
-162
-125
-88
-51
-14
23
60
97
134
171
208
245
282
319
356
393
430
467
504
541
578
615
652
689
726
763
800
837
874
32
18
27
-61
-10
-30
-24
2
-47
-22
4
-4
9
-4
15
-8
-26
-1
-6
-1
-2
-2
-19
4
30
18
-31
15
-5
25
-7
-25
5
-26
15
17
17
-24
-18
-34
-10
-28
-8
12
-17
52
-33
-34
-383
440
-347
390
-309
-280
-16
-253
-238
-220
-198
-175
245
-150
-130
160
-79
-57
-56
-49
106
50
25
26
-2
1
-21
126
28
87
-82
-103
-120
238
194
-171
-160
-193
312
-244
365
-279
-245
87
454
-336
273
-387
21
9
-5
0
0
-2
21
-5
-4
1
4
2
-5
-5
-4
-5
4
4
-1
-5
4
-5
3
-5
-5
-5
-5
-4
-4
10
18
-5
-3
-5
9
27
5
30
-5
5
-4
-5
-5
-3
9
0
-4
8
