943
764
997
-1880
-799
-617
-804
670
-1180
-742
318
-411
139
627
-1607
536
-911
123
-433
-506
-600
738
-758
759
1820
-207
1
233
343
224
-359
-562
-1647
-431
1050
566
578
-488
-876
-1222
-117
-573
336
-554
-447
1598
-941
-1047
544
601
388
-1460
-941
-165
-807
546
-876
48
538
-668
277
357
-345
-126
-988
-192
-133
204
-720
365
-234
-327
705
-159
-93
-52
457
-58
-35
463
-218
-790
236
339
780
161
-1149
-1113
25
-796
332
-595
205
1357
-755
-745
955
971
670
-1858
-959
349
-1026
-98
-979
273
593
-378
851
-6
-632
-19
-898
461
-618
242
-317
444
-542
208
677
133
-258
-88
-493
-216
-353
343
-944
-733
293
633
702
-100
-1016
-1130
-162
-948
408
-542
566
992
-583
-806
683
1233
884
-2048
-623
-542
-934
-5
-1329
-330
565
-56
78
224
-834
-503
-1366
-180
-1173
-32
-203
739
-935
529
1643
254
-679
300
-836
155
-565
353
-646
-1097
971
1339
665
-901
-1202
-1435
-364
-1241
165
-75
-225
1678
-1147
-1311
237
474
690
-789
-416
-1277
-315
-197
-526
-848
-986
-825
329
190
311
340
-645
162
288
204
-70
-75
-589
7
622
25
-99
651
276
364
92
-506
-906
126
616
-146
569
-561
478
-832
-369
-98
162
-172
-1083
1342
-113
-898
405
585
321
-670
-403
-407
-390
127
-610
-399
-530
-725
226
-37
107
368
-515
471
43
287
-484
-56
-34
-298
134
-375
-53
264
-306
-301
46
226
-769
109
-233
-376
638
151
557
-453
54
-449
72
-386
-533
784
-96
-346
700
181
322
-851
-120
-510
-283
-38
-338
95
-139
-207
-307
266
55
471
-8
290
255
-550
179
-117
-260
433
464
-183
-277
145
-296
303
-178
458
-182
-178
115
-247
163
-227
-32
-587
44
-200
347
-463
-331
548
162
-326
826
550
544
-1492
-332
-932
-541
-40
-886
-237
420
209
-471
560
-300
-67
-631
-171
-803
-512
128
223
-370
267
1258
323
-686
519
-107
622
-442
103
-44
-838
805
559
376
-1163
-182
-983
-139
-525
25
188
-554
1318
-486
-985
718
611
642
-1045
-636
-847
-351
-91
-627
-552
-154
-584
453
225
307
262
-440
303
187
87
7
178
-411
49
805
107
-218
151
144
254
-318
-475
-359
-145
683
188
488
-483
256
-734
-226
-387
363
-547
-73
1113
-114
-966
898
585
575
-986
-378
-448
-495
-261
-351
-460
-152
-531
497
-754
631
217
-180
297
75
238
110
-160
-471
69
141
281
-542
51
-385
353
-231
-212
-484
-579
-157
-191
548
-484
37
-902
35
-755
422
-349
427
680
-61
-306
894
411
533
-1042
-396
-303
-366
-14
-408
-315
-138
-309
389
-267
-52
287
-283
347
307
-69
374
12
-288
151
379
-110
-436
83
-377
291
-202
122
-338
-250
192
-212
400
-135
-33
-588
29
-560
424
-340
329
646
-39
-307
645
707
526
-1251
-313
-893
-531
-39
-719
-160
17
-89
-190
237
279
-152
-519
77
-642
-327
78
34
-508
373
929
284
-670
647
-162
532
-440
211
-114
-814
527
403
390
-1124
-100
-861
-422
-524
-119
135
-567
1398
-438
-882
1173
143
330
-1395
-437
-708
-358
-413
-1050
-1197
235
-1375
1208
-607
1140
-576
-276
228
1841
-443
1432
-645
-499
-412
593
216
-1719
210
19
263
144
-1261
373
-701
1180
783
-40
-27
-1293
-646
192
-1015
970
-724
768
1415
-679
-1755
774
367
360
-1263
293
-497
-36
-268
-1162
-1744
-212
-1017
2034
-1152
1651
-526
-248
-251
1298
-153
800
-778
-724
-956
-351
3
-1551
278
-1156
119
642
-270
836
-681
189
-41
11
-34
-1101
-592
-681
-1248
898
-146
731
1176
-836
-1065
892
77
622
-1592
116
-849
-428
-299
-1335
-1107
-161
-802
1052
-790
674
-347
-615
-82
878
-252
821
-445
-721
-391
197
34
-1204
392
-354
637
248
-756
389
-473
381
-212
336
-37
-880
-814
-166
-802
297
54
-141
1414
-1023
-970
978
572
844
-1882
-306
-943
-734
48
-1462
-670
121
-116
277
-135
471
-234
-808
-33
-180
-34
-74
-68
-599
113
928
562
-957
473
-148
777
-219
-788
168
-807
474
527
531
-749
-553
-1054
-309
-866
-243
381
-530
1600
-1017
-1053
