2047
-2048
2047
1626
1432
685
-2048
2047
-2048
-2048
583
256
-2048
1308
-2048
785
2047
2047
-2048
1540
2047
-2048
1142
678
-2048
-318
-2048
-2048
2047
-2048
317
-2048
-2048
-42
2047
2047
1412
409
-2048
-2048
2047
-2048
2047
2047
2047
2047
-2048
-2048
2047
-2048
2047
2047
-1899
123
-2048
2047
-2048
-2048
-1427
-540
-2048
2047
-2048
-1544
2047
2047
-2048
814
2047
-1104
2047
-975
-2048
637
-2048
-2048
2047
-2048
-182
-2048
-2048
-211
2047
2047
2047
2047
-2048
-2048
2047
-2048
2047
2047
2047
2047
-2048
-2048
2047
-2048
2047
1462
-1379
13
-2048
2047
-2048
-2048
-551
774
-2048
1967
-2048
109
2047
2047
-2048
1360
2047
-2048
-153
223
-2048
83
-2048
-2048
2047
-2048
290
-2048
-2048
179
2047
2047
2047
1447
-2048
-2048
2047
-2048
2047
2047
2047
1998
-2048
-2048
2047
-2048
2047
463
210
-389
-2048
2047
-2048
-2048
-601
182
-1459
1448
-2048
1944
2047
2047
-2048
1709
2047
-2048
-1374
619
-2048
-461
-2048
-2048
2047
-2048
524
-2048
-2048
-164
2047
2047
1321
-212
-2048
-2048
2047
-2048
2047
2047
2047
2047
-2048
-2048
2047
-2048
2047
2047
-1915
1006
-1491
2047
-2048
-1345
-407
-55
-2048
2046
-2048
-2048
2047
2047
-1944
2047
2047
149
2047
-1186
-2048
998
-1429
-2048
1363
-2048
-51
-2048
339
180
2047
1819
2047
1950
-1212
-1069
2047
-2048
2047
2047
706
2047
-2048
-2048
2047
-1782
2047
2047
-2039
920
-736
2047
-2048
-132
-498
53
-2048
1921
-2048
-2048
2047
2047
-1549
2047
2047
118
2047
-1311
-2048
864
-968
-1778
888
-1361
-48
-2048
909
-264
2047
1653
2047
1963
-910
-636
2047
-2048
2047
2047
-31
2047
-2048
-2048
2047
-1717
2047
2047
-1881
1021
-717
2047
-1851
-882
-996
-334
-2048
1810
-1748
-2048
2047
2047
-1970
2047
2047
-510
2047
-925
-2048
997
-1633
-1236
971
-2048
-152
-2048
-79
-918
2047
2047
2047
1761
-1559
-492
2047
-2048
2047
2047
921
2047
-2048
-2048
2047
-2048
2047
665
271
-511
-613
2047
-2048
-2048
-799
177
-767
949
-2048
891
2047
2047
-2048
1905
2047
-2048
-1325
440
-2048
-1194
-2048
-1465
1761
-2048
503
-2048
-2048
-442
1712
2047
1731
-273
-2048
-1393
2047
-2048
2047
2047
2047
1869
-2048
-2048
2047
-2048
2047
1951
-1201
1122
-843
2047
-2022
-787
-723
798
-2048
1671
-2048
-2048
2047
2047
-1600
2047
2047
113
2047
-834
-2048
1478
-68
-1613
1211
-2022
824
-2048
772
-31
2047
2047
2047
1354
-1321
-200
2047
-2048
2047
2047
-107
2047
-2048
-2048
2047
-1574
2047
1596
-1518
1506
-456
2047
-1817
50
-801
741
-2048
1641
-1934
-2048
2047
2047
-1123
2047
1545
-337
2047
-842
-2048
1047
29
-1113
750
-2035
546
-2048
1093
-532
2047
1607
2047
556
-1421
8
2047
-2048
2047
2047
-481
2047
-2048
-2048
2047
-1244
1474
1434
-1571
1371
-428
2047
-1805
-280
-1219
887
-2048
1797
-1754
-2048
2047
2047
-1274
2031
1021
-687
1426
-611
-2048
1184
85
-831
1018
-2048
484
-2048
817
-691
2047
2047
2047
32
-1660
342
2047
-2048
1864
2047
-197
2047
-2048
-2048
2047
-1230
1332
984
-495
-311
75
2047
-2048
-1972
-1752
94
-281
1101
-2048
-631
2047
2047
-1190
980
108
-1697
-497
-229
-2048
278
-1253
157
2047
-2048
165
-1446
-1115
-1154
1499
2047
1882
619
-2048
-214
2047
-2048
2047
2047
1469
1547
-2048
-2048
1897
-1767
2047
237
-412
-88
-1286
2047
-1659
-2048
-965
1098
-1574
2047
-2048
385
2047
2047
-1515
2047
311
-986
457
1116
-2048
-718
275
-483
2047
-2048
911
-1746
-1248
15
2017
2047
1599
-525
-2048
-1452
2047
-1197
2047
2047
31
1340
-2048
-2048
1724
-1420
1486
782
89
-90
-364
2047
-1165
-1960
-1016
955
-901
2044
-2048
822
2047
2047
-1273
1931
5
-1409
52
1096
-2048
-1358
-292
258
2047
-2048
-40
-1743
-1729
-66
1836
1897
1551
-417
-2048
-398
2047
-370
1978
2047
507
474
-2048
-2048
1292
-913
1072
564
-114
-469
445
2047
-1683
-1935
-1091
473
353
1819
-2048
452
1765
2047
-1152
1570
167
-1246
-251
504
-1701
-1020
-367
315
2047
-2048
-172
-868
-1710
-594
793
1985
1075
34
-2048
-337
2047
374
1746
2047
633
278
-2048
-2048
210
-443
633
205
245
-1035
919
2047
-1318
-1385
-1991
305
1356
1362
-2048
517
1483
2047
-418
1321
-936
-1494
-507
65
-1121
-894
38
842
2047
-1905
136
-229
-1756
-606
628
1825
1082
326
-2048
-9
1836
372
1477
2007
1336
200
-2048
-1765
