0 0 -2029
0 1 -1992
0 2 -1955
0 3 -1918
0 4 -1881
0 5 -1844
0 6 -1807
0 7 -1770
0 8 -1733
0 9 -1696
0 10 -1659
0 11 -1622
0 12 -1585
0 13 -1548
0 14 -1511
0 15 -1474
0 16 -1437
0 17 -1400
0 18 -1363
0 19 -1326
0 20 -1289
0 21 -1252
0 22 -1215
0 23 -1178
0 24 -1141
0 25 -1104
0 26 -1067
0 27 -1030
0 28 -993
0 29 -956
0 30 -919
0 31 -882
0 32 -845
0 33 -808
0 34 -771
0 35 -734
0 36 -697
0 37 -660
0 38 -623
0 39 -586
0 40 -549
0 41 -512
0 42 -475
0 43 -438
0 44 -401
0 45 -364
0 46 -327
0 47 -290
1 0 -1898
1 1 -1861
1 2 -1824
1 3 -1787
1 4 -1750
1 5 -1713
1 6 -1676
1 7 -1639
1 8 -1602
1 9 -1565
1 10 -1528
1 11 -1491
1 12 -1454
1 13 -1417
1 14 -1380
1 15 -1343
1 16 -1306
1 17 -1269
1 18 -1232
1 19 -1195
1 20 -1158
1 21 -1121
1 22 -1084
1 23 -1047
1 24 -1010
1 25 -973
1 26 -936
1 27 -899
1 28 -862
1 29 -825
1 30 -788
1 31 -751
1 32 -714
1 33 -677
1 34 -640
1 35 -603
1 36 -566
1 37 -529
1 38 -492
1 39 -455
1 40 -418
1 41 -381
1 42 -344
1 43 -307
1 44 -270
1 45 -233
1 46 -196
1 47 -159
2 0 -1767
2 1 -1730
2 2 -1693
2 3 -1656
2 4 -1619
2 5 -1582
2 6 -1545
2 7 -1508
2 8 -1471
2 9 -1434
2 10 -1397
2 11 -1360
2 12 -1323
2 13 -1286
2 14 -1249
2 15 -1212
2 16 -1175
2 17 -1138
2 18 -1101
2 19 -1064
2 20 -1027
2 21 -990
2 22 -953
2 23 -916
2 24 -879
2 25 -842
2 26 -805
2 27 -768
2 28 -731
2 29 -694
2 30 -657
2 31 -620
2 32 -583
2 33 -546
2 34 -509
2 35 -472
2 36 -435
2 37 -398
2 38 -361
2 39 -324
2 40 -287
2 41 -250
2 42 -213
2 43 -176
2 44 -139
2 45 -102
2 46 -65
2 47 -28
3 0 -1636
3 1 -1599
3 2 -1562
3 3 -1525
3 4 -1488
3 5 -1451
3 6 -1414
3 7 -1377
3 8 -1340
3 9 -1303
3 10 -1266
3 11 -1229
3 12 -1192
3 13 -1155
3 14 -1118
3 15 -1081
3 16 -1044
3 17 -1007
3 18 -970
3 19 -933
3 20 -896
3 21 -859
3 22 -822
3 23 -785
3 24 -748
3 25 -711
3 26 -674
3 27 -637
3 28 -600
3 29 -563
3 30 -526
3 31 -489
3 32 -452
3 33 -415
3 34 -378
3 35 -341
3 36 -304
3 37 -267
3 38 -230
3 39 -193
3 40 -156
3 41 -119
3 42 -82
3 43 -45
3 44 -8
3 45 29
3 46 66
3 47 103
4 0 -1772
4 1 -1735
4 2 -1698
4 3 -1661
4 4 -1624
4 5 -1587
4 6 -1550
4 7 -1513
4 8 -1476
4 9 -1439
4 10 -1402
4 11 -1365
4 12 -1328
4 13 -1291
4 14 -1254
4 15 -1217
4 16 -1180
4 17 -1143
4 18 -1106
4 19 -1069
4 20 -1032
4 21 -995
4 22 -958
4 23 -921
4 24 -884
4 25 -847
4 26 -810
4 27 -773
4 28 -736
4 29 -699
4 30 -662
4 31 -625
4 32 -588
4 33 -551
4 34 -514
4 35 -477
4 36 -440
4 37 -403
4 38 -366
4 39 -329
4 40 -292
4 41 -255
4 42 -218
4 43 -181
4 44 -144
4 45 -107
4 46 -70
4 47 -33
5 0 -1641
5 1 -1604
5 2 -1567
5 3 -1530
5 4 -1493
5 5 -1456
5 6 -1419
5 7 -1382
5 8 -1345
5 9 -1308
5 10 -1271
5 11 -1234
5 12 -1197
5 13 -1160
5 14 -1123
5 15 -1086
5 16 -1049
5 17 -1012
5 18 -975
5 19 -938
5 20 -901
5 21 -864
5 22 -827
5 23 -790
5 24 -753
5 25 -716
5 26 -679
5 27 -642
5 28 -605
5 29 -568
5 30 -531
5 31 -494
5 32 -457
5 33 -420
5 34 -383
5 35 -346
5 36 -309
5 37 -272
5 38 -235
5 39 -198
5 40 -161
5 41 -124
5 42 -87
5 43 -50
5 44 -13
5 45 24
5 46 61
5 47 98
6 0 -1510
6 1 -1473
6 2 -1436
6 3 -1399
6 4 -1362
6 5 -1325
6 6 -1288
6 7 -1251
6 8 -1214
6 9 -1177
6 10 -1140
6 11 -1103
6 12 -1066
6 13 -1029
6 14 -992
6 15 -955
6 16 -918
6 17 -881
6 18 -844
6 19 -807
6 20 -770
6 21 -733
6 22 -696
6 23 -659
6 24 -622
6 25 -585
6 26 -548
6 27 -511
6 28 -474
6 29 -437
6 30 -400
6 31 -363
6 32 -326
6 33 -289
6 34 -252
6 35 -215
6 36 -178
6 37 -141
6 38 -104
6 39 -67
6 40 -30
6 41 7
6 42 44
6 43 81
6 44 118
6 45 155
6 46 192
6 47 229
7 0 -1379
7 1 -1342
7 2 -1305
7 3 -1268
7 4 -1231
7 5 -1194
7 6 -1157
7 7 -1120
7 8 -1083
7 9 -1046
7 10 -1009
7 11 -972
7 12 -935
7 13 -898
7 14 -861
7 15 -824
7 16 -787
7 17 -750
7 18 -713
7 19 -676
7 20 -639
7 21 -602
7 22 -565
7 23 -528
7 24 -491
7 25 -454
7 26 -417
7 27 -380
7 28 -343
7 29 -306
7 30 -269
7 31 -232
7 32 -195
7 33 -158
7 34 -121
7 35 -84
7 36 -47
7 37 -10
7 38 27
7 39 64
7 40 101
7 41 138
7 42 175
7 43 212
7 44 249
7 45 286
7 46 323
7 47 360
8 0 -1515
8 1 -1478
8 2 -1441
8 3 -1404
8 4 -1367
8 5 -1330
8 6 -1293
8 7 -1256
8 8 -1219
8 9 -1182
8 10 -1145
8 11 -1108
8 12 -1071
8 13 -1034
8 14 -997
8 15 -960
8 16 -923
8 17 -886
8 18 -849
8 19 -812
8 20 -775
8 21 -738
8 22 -701
8 23 -664
8 24 -627
8 25 -590
8 26 -553
8 27 -516
8 28 -479
8 29 -442
8 30 -405
8 31 -368
8 32 -331
8 33 -294
8 34 -257
8 35 -220
8 36 -183
8 37 -146
8 38 -109
8 39 -72
8 40 -35
8 41 2
8 42 39
8 43 76
8 44 113
8 45 150
8 46 187
8 47 224
9 0 -1384
9 1 -1347
9 2 -1310
9 3 -1273
9 4 -1236
9 5 -1199
9 6 -1162
9 7 -1125
9 8 -1088
9 9 -1051
9 10 -1014
9 11 -977
9 12 -940
9 13 -903
9 14 -866
9 15 -829
9 16 -792
9 17 -755
9 18 -718
9 19 -681
9 20 -644
9 21 -607
9 22 -570
9 23 -533
9 24 -496
9 25 -459
9 26 -422
9 27 -385
9 28 -348
9 29 -311
9 30 -274
9 31 -237
9 32 -200
9 33 -163
9 34 -126
9 35 -89
9 36 -52
9 37 -15
9 38 22
9 39 59
9 40 96
9 41 133
9 42 170
9 43 207
9 44 244
9 45 281
9 46 318
9 47 355
10 0 -1253
10 1 -1216
10 2 -1179
10 3 -1142
10 4 -1105
10 5 -1068
10 6 -1031
10 7 -994
10 8 -957
10 9 -920
10 10 -883
10 11 -846
10 12 -809
10 13 -772
10 14 -735
10 15 -698
10 16 -661
10 17 -624
10 18 -587
10 19 -550
10 20 -513
10 21 -476
10 22 -439
10 23 -402
10 24 -365
10 25 -328
10 26 -291
10 27 -254
10 28 -217
10 29 -180
10 30 -143
10 31 -106
10 32 -69
10 33 -32
10 34 5
10 35 42
10 36 79
10 37 116
10 38 153
10 39 190
10 40 227
10 41 264
10 42 301
10 43 338
10 44 375
10 45 412
10 46 449
10 47 486
11 0 -1122
11 1 -1085
11 2 -1048
11 3 -1011
11 4 -974
11 5 -937
11 6 -900
11 7 -863
11 8 -826
11 9 -789
11 10 -752
11 11 -715
11 12 -678
11 13 -641
11 14 -604
11 15 -567
11 16 -530
11 17 -493
11 18 -456
11 19 -419
11 20 -382
11 21 -345
11 22 -308
11 23 -271
11 24 -234
11 25 -197
11 26 -160
11 27 -123
11 28 -86
11 29 -49
11 30 -12
11 31 25
11 32 62
11 33 99
11 34 136
11 35 173
11 36 210
11 37 247
11 38 284
11 39 321
11 40 358
11 41 395
11 42 432
11 43 469
11 44 506
11 45 543
11 46 580
11 47 617
12 0 -1258
12 1 -1221
12 2 -1184
12 3 -1147
12 4 -1110
12 5 -1073
12 6 -1036
12 7 -999
12 8 -962
12 9 -925
12 10 -888
12 11 -851
12 12 -814
12 13 -777
12 14 -740
12 15 -703
12 16 -666
12 17 -629
12 18 -592
12 19 -555
12 20 -518
12 21 -481
12 22 -444
12 23 -407
12 24 -370
12 25 -333
12 26 -296
12 27 -259
12 28 -222
12 29 -185
12 30 -148
12 31 -111
12 32 -74
12 33 -37
12 34 0
12 35 37
12 36 74
12 37 111
12 38 148
12 39 185
12 40 222
12 41 259
12 42 296
12 43 333
12 44 370
12 45 407
12 46 444
12 47 481
13 0 -1127
13 1 -1090
13 2 -1053
13 3 -1016
13 4 -979
13 5 -942
13 6 -905
13 7 -868
13 8 -831
13 9 -794
13 10 -757
13 11 -720
13 12 -683
13 13 -646
13 14 -609
13 15 -572
13 16 -535
13 17 -498
13 18 -461
13 19 -424
13 20 -387
13 21 -350
13 22 -313
13 23 -276
13 24 -239
13 25 -202
13 26 -165
13 27 -128
13 28 -91
13 29 -54
13 30 -17
13 31 20
13 32 57
13 33 94
13 34 131
13 35 168
13 36 205
13 37 242
13 38 279
13 39 316
13 40 353
13 41 390
13 42 427
13 43 464
13 44 501
13 45 538
13 46 575
13 47 612
14 0 -996
14 1 -959
14 2 -922
14 3 -885
14 4 -848
14 5 -811
14 6 -774
14 7 -737
14 8 -700
14 9 -663
14 10 -626
14 11 -589
14 12 -552
14 13 -515
14 14 -478
14 15 -441
14 16 -404
14 17 -367
14 18 -330
14 19 -293
14 20 -256
14 21 -219
14 22 -182
14 23 -145
14 24 -108
14 25 -71
14 26 -34
14 27 3
14 28 40
14 29 77
14 30 114
14 31 151
14 32 188
14 33 225
14 34 262
14 35 299
14 36 336
14 37 373
14 38 410
14 39 447
14 40 484
14 41 521
14 42 558
14 43 595
14 44 632
14 45 669
14 46 706
14 47 743
15 0 -865
15 1 -828
15 2 -791
15 3 -754
15 4 -717
15 5 -680
15 6 -643
15 7 -606
15 8 -569
15 9 -532
15 10 -495
15 11 -458
15 12 -421
15 13 -384
15 14 -347
15 15 -310
15 16 -273
15 17 -236
15 18 -199
15 19 -162
15 20 -125
15 21 -88
15 22 -51
15 23 -14
15 24 23
15 25 60
15 26 97
15 27 134
15 28 171
15 29 208
15 30 245
15 31 282
15 32 319
15 33 356
15 34 393
15 35 430
15 36 467
15 37 504
15 38 541
15 39 578
15 40 615
15 41 652
15 42 689
15 43 726
15 44 763
15 45 800
15 46 837
15 47 874
