1098
2047
1053
-601
-180
-248
886
947
-739
1686
1749
933
178
263
1529
-224
583
-110
-133
2047
-484
1001
1583
1253
668
1802
1177
106
563
-104
268
1430
515
1471
2047
2047
1037
1789
1461
908
1335
246
-435
1235
-27
-782
799
719
2047
2047
1270
2001
2047
2047
2047
1816
1190
970
1712
-423
2047
2047
301
1550
2047
1241
314
1309
321
1141
1123
-1198
2047
2047
356
1623
2047
1121
941
1304
1051
1296
1503
327
2047
2047
1199
1420
525
-86
1541
2047
1427
-82
91
-216
1783
985
-66
755
2047
-132
1655
800
751
424
605
-552
2047
1093
-434
106
-172
-712
301
-246
-198
108
1856
-486
2047
1033
-212
1243
-183
-775
1394
600
1349
2047
1744
772
1998
1860
2047
2047
-854
494
1441
673
2008
1062
1134
810
1042
-757
1109
428
1414
1290
-38
497
1566
2047
977
-375
1512
-371
-929
-127
-240
-706
434
263
-267
1203
1013
384
1651
-77
-1577
105
826
-971
2036
1711
1296
1793
867
2047
164
614
-1296
232
73
51
2047
1118
805
1063
1616
2047
2047
-225
1741
772
779
483
2047
817
-894
1245
42
-511
1796
631
-264
642
401
149
2047
1351
578
1748
1553
1389
1365
-701
-146
591
654
648
2047
2047
633
2047
2047
2047
2047
2047
1411
1734
842
590
2047
1172
1743
789
2047
1704
2047
2047
1901
894
933
2047
1103
841
81
401
-516
-1054
1937
1556
599
1508
1110
1354
1184
778
455
1729
240
758
2047
690
706
1561
1512
1431
1867
1544
-142
1448
793
728
1608
1838
1715
1544
1018
724
2047
2047
964
-149
1968
891
1659
1321
-858
-530
1303
-784
651
484
-1459
711
1986
-906
1974
801
-572
-387
-419
-259
748
214
-661
2032
1919
-1025
2047
-792
-1324
-368
-13
-72
651
1063
-337
432
2047
-451
2047
-124
629
1729
346
219
2047
2047
1494
1387
1684
665
1362
-853
-1055
-127
233
-1096
-46
1071
-1552
444
2047
-673
1218
472
-2048
1644
-54
-716
2047
595
661
1861
319
692
193
338
-1257
895
506
-201
967
554
-961
812
1424
1008
-442
814
-98
1226
1400
259
2047
1611
932
1222
934
1948
1516
-333
434
-177
1200
-2042
2047
872
111
1138
189
-404
1482
-247
-604
2047
507
367
2047
67
1766
2047
1273
660
1866
-429
245
1462
237
1366
2047
-700
1437
2047
2047
1999
2047
576
2047
2002
783
2047
2047
886
1606
2047
2047
2047
2047
2047
-566
1402
197
971
467
1022
945
1621
-592
-517
2047
1390
749
1292
298
697
1570
1362
401
1695
731
-357
1872
1006
1533
1450
-88
1159
1713
1362
68
399
1256
415
2047
2047
2047
2047
970
1390
1376
1646
177
-699
2047
554
2047
1894
496
-733
673
462
833
-291
-171
1415
2047
-341
1754
1486
372
293
68
-876
1582
1229
591
2047
2047
756
2047
145
948
-617
205
-685
1657
1609
239
1988
2047
644
2018
1080
1208
1407
1679
349
2047
2047
595
341
2047
1025
1588
803
-1195
220
-638
-970
979
1979
-400
54
1432
1924
174
829
-497
1592
422
-536
2047
2047
447
1514
1161
1192
153
556
882
814
-3
-407
1560
1823
325
1136
1433
1084
-463
1211
753
804
1592
54
1134
507
-547
666
2030
595
807
591
1561
-361
474
-845
558
-85
568
297
-417
40
488
296
1067
532
94
978
541
220
1646
2047
1521
1060
257
-271
405
-215
-462
608
-123
-178
1197
1479
1572
330
717
1464
1087
42
-555
334
333
-326
1439
661
1882
-935
2047
1601
-647
1381
-275
315
1063
1302
946
922
-1425
-848
1041
2047
159
2047
-262
134
1836
929
1089
1349
1139
367
1332
2047
-304
1322
-557
-241
1061
924
11
654
1269
77
-80
1170
-171
829
-320
82
1059
1248
552
-1364
351
-1193
1283
883
-4
345
-563
1527
1696
452
902
296
2047
484
939
1829
2027
1724
1059
1332
2047
1643
1463
1628
1634
2002
1122
1258
1076
1264
1585
540
2047
2036
986
1406
1994
2047
2047
995
1052
1273
2040
681
2047
1885
579
961
1655
1280
99
337
-903
1291
497
120
1056
2047
1294
1202
1294
2047
1343
1687
2047
1808
1930
1523
2047
2047
2047
2047
1965
2047
1203
1283
2039
1910
1653
1103
2047
2047
1506
2047
2047
2047
670
1213
1696
1468
1540
671
2047
1471
396
1870
1665
1544
