1098
-601
886
1686
2047
2001
2047
970
1783
755
1655
424
1042
428
-38
2047
2047
-180
947
1749
2047
2047
1816
1712
985
2047
800
605
-757
1414
497
977
1053
-248
-739
933
1270
2047
1190
-423
-66
-132
751
-552
1109
1290
1566
-375
178
-224
-133
1001
2047
1550
314
1141
2047
106
301
108
1512
-127
434
1203
263
583
2047
1583
2047
2047
1309
1123
1093
-172
-246
1856
-371
-240
263
1013
1529
-110
-484
1253
301
1241
321
-1198
-434
-712
-198
-486
-929
-706
-267
384
668
106
268
1471
2047
1623
941
1296
2047
1243
1394
2047
1651
105
2036
1793
1802
563
1430
2047
2047
2047
1304
1503
1033
-183
600
1744
-77
826
1711
867
1177
-104
515
2047
356
1121
1051
327
-212
-775
1349
772
-1577
-971
1296
2047
1037
908
-435
-782
2047
1420
1541
-82
1998
2047
1441
1062
164
232
2047
1063
1789
1335
1235
799
2047
525
2047
91
1860
-854
673
1134
614
73
1118
1616
1461
246
-27
719
1199
-86
1427
-216
2047
494
2008
810
-1296
51
805
2047
2047
772
2047
1245
2047
894
1103
401
1659
-530
651
711
1362
-127
-46
444
-225
779
817
42
2047
933
841
-516
1321
1303
484
1986
-853
233
1071
2047
1741
483
-894
-511
1901
2047
81
-1054
-858
-784
-1459
-906
-1055
-1096
-1552
-673
1796
642
2047
1748
1937
1508
1184
1729
1974
-387
748
2032
1218
1644
2047
1861
631
401
1351
1553
1556
1110
778
240
801
-419
214
1919
472
-54
595
319
-264
149
578
1389
599
1354
455
758
-572
-259
-661
-1025
-2048
-716
661
692
1365
591
2047
2047
2047
1561
1867
1448
2047
-368
651
432
193
895
967
812
-701
654
2047
2047
690
1512
1544
793
-792
-13
1063
2047
338
506
554
1424
-146
648
633
2047
706
1431
-142
728
-1324
-72
-337
-451
-1257
-201
-961
1008
2047
1734
2047
789
1608
1544
2047
-149
2047
1729
2047
1387
-442
1226
2047
1222
2047
842
1172
2047
1838
1018
2047
1968
-124
346
2047
1684
814
1400
1611
934
1411
590
1743
1704
1715
724
964
891
629
219
1494
665
-98
259
932
1948
1516
-177
2047
1138
2047
1402
467
1621
2047
-733
833
1415
1588
220
979
54
-333
1200
872
189
2047
197
1022
-592
1894
673
-291
2047
803
-638
1979
1432
434
-2042
111
-404
-566
971
945
-517
496
462
-171
-341
-1195
-970
-400
1924
1482
2047
2047
2047
2047
1292
1570
1695
1754
293
1582
2047
174
1592
2047
1514
-247
507
67
1273
1390
298
1362
731
1486
68
1229
2047
829
422
2047
1161
-604
367
1766
660
749
697
401
-357
372
-876
591
756
-497
-536
447
1192
1866
1462
2047
2047
1872
1450
1713
399
2047
-617
1657
1988
153
814
1560
1136
-429
237
-700
2047
1006
-88
1362
1256
145
205
1609
2047
556
-3
1823
1433
245
1366
1437
1999
1533
1159
68
415
948
-685
239
644
882
-407
325
1084
2047
2002
2047
2047
2047
2047
1376
-699
2018
1407
2047
341
-463
804
1134
666
576
783
886
2047
2047
970
1646
2047
1080
1679
2047
2047
1211
1592
507
2030
2047
2047
1606
2047
2047
1390
177
554
1208
349
595
1025
753
54
-547
595
807
-361
558
297
2047
1381
1063
922
1283
345
1696
296
99
1291
1056
1202
591
474
-85
-417
1601
-275
1302
-1425
883
-563
452
2047
337
497
2047
1294
1561
-845
568
40
-647
315
946
-848
-4
1527
902
484
-903
120
1294
2047
488
532
541
2047
1041
2047
1836
1349
939
1724
2047
1628
1343
1808
2047
2047
296
94
220
1521
2047
-262
929
1139
1829
1059
1643
1634
1687
1930
2047
1965
1067
978
1646
1060
159
134
1089
367
2027
1332
1463
2002
2047
1523
2047
2047
257
-215
-123
1479
1332
1322
1061
654
1122
1264
2047
1406
1203
1910
2047
2047
-271
-462
-178
1572
2047
-557
924
1269
1258
1585
2036
1994
1283
1653
2047
2047
405
608
1197
330
-304
-241
11
77
1076
540
986
2047
2039
1103
1506
2047
717
42
333
661
-80
829
1059
-1364
2047
1273
2047
961
670
1468
2047
1870
1464
-555
-326
1882
1170
-320
1248
351
995
2040
1885
1655
1213
1540
1471
1665
1087
334
1439
-935
-171
82
552
-1193
1052
681
579
1280
1696
671
396
1544
