925
0
0
-21
-22
1962
0
0
0
2047
2047
-92
-70
-55
0
-1
1189
0
2047
0
0
0
-92
882
-2
-11
2047
2047
0
1560
-63
1606
2047
2047
1780
2047
-3
0
683
2047
726
373
-35
-1
2047
2047
1606
-80
0
2047
0
0
0
2047
0
0
0
259
965
2047
-28
0
0
-24
2047
0
0
0
2047
1838
-1
-95
73
-13
2047
2047
0
2047
-16
-20
-78
-3
2047
0
2047
-35
2047
2047
2047
0
0
-16
2047
2047
1214
2047
-19
2047
-40
0
0
461
0
0
0
0
1175
2047
-11
-2
0
0
2047
0
-1
-61
-1
2047
1700
0
-49
0
-89
2047
2047
-61
0
2047
286
2047
2047
0
-1
2047
341
1150
2047
-21
0
0
2047
2047
567
2047
2018
-8
-4
-1
-97
2047
-11
0
-78
1247
328
1046
-33
0
0
-70
539
1077
-52
-13
0
2047
383
0
191
0
0
2047
-21
128
0
2047
2047
948
2047
2047
0
-1
-92
2047
-17
2015
0
0
2047
2047
378
-14
0
2047
0
0
1469
2047
2047
2047
0
2047
-3
2047
-96
0
2047
0
-2
-66
1705
0
-17
1846
-2
612
945
1517
-22
106
0
0
1346
-4
0
0
2047
0
2047
0
2047
2047
15
-17
1485
29
2047
2047
2047
2047
0
2047
0
0
2047
1417
2047
2047
2047
-3
205
1742
-3
308
2047
-74
-29
2047
-38
0
-76
2047
0
2047
2047
2047
-96
-1
2047
2047
0
0
0
1428
2047
0
2047
-83
-1
2047
2047
1587
0
0
2047
2047
1015
2047
797
2047
0
0
2047
0
-14
2047
0
1525
-83
-39
-57
-5
2047
1628
2047
2047
1506
-1
0
2047
0
1809
2047
0
2047
-54
2047
1811
-1
0
1967
1455
1038
0
2047
2047
1441
2047
1332
-76
-18
-8
2047
-78
-95
2047
-77
1316
-22
0
1501
2047
763
-31
2047
2047
629
247
-96
0
0
2047
-9
259
-17
0
-54
2047
-40
-3
-68
0
1181
-43
2047
-1
-1
2028
1264
-48
2047
1700
0
0
671
2047
-16
1197
-95
0
2047
-74
-91
0
0
-97
0
-18
0
-82
256
880
0
-97
0
0
-14
2047
0
1357
589
2047
0
157
519
-55
0
-7
2047
-10
0
2047
0
0
2047
0
-1
0
0
808
595
313
-80
1004
0
2047
2028
2047
0
-8
2047
1991
0
159
0
-1
-2
2047
2047
2047
0
2047
-6
3
-64
2047
-1
649
214
2047
-16
2047
2047
0
0
0
2047
2047
0
2047
1558
0
2047
412
-5
-1
0
891
677
-1
2047
-13
-1
110
2047
0
0
620
-75
2047
-1
346
-58
-1
-4
1379
-29
1603
0
2047
-1
550
-82
1798
-97
-96
-97
2047
-15
1428
2047
-35
-35
-12
1242
-28
-1
2047
2047
0
2047
2047
-31
-1
-21
640
328
-91
-71
91
-11
-4
2047
-3
0
0
1352
1167
1517
-3
505
0
261
-61
2047
-1
25
1352
-3
999
-50
1986
0
43
187
2047
2047
-95
1633
-2
-44
0
1504
1007
-65
-89
2047
-81
2047
2047
823
7
0
2047
-18
0
-12
652
-15
2047
1469
0
0
-10
-62
0
2047
-1
-63
-57
0
1436
0
396
-1
37
-91
-24
-60
-89
0
2047
868
1063
55
2047
-23
2047
-40
-46
1544
0
-10
2047
-10
-93
336
2047
157
-18
-2
357
-51
-17
-5
-3
2047
2047
2047
547
124
415
-12
-1
746
0
-94
-88
0
2047
0
763
412
1601
93
-2
-92
2047
0
2047
800
2047
-90
2047
2047
2047
174
-3
-59
0
1772
2047
2047
-55
-97
352
1753
-32
-9
-28
-3
-6
86
-37
1130
2047
2047
-18
-43
2047
-1
0
-91
0
1854
99
0
2047
0
91
2047
2047
811
-45
91
1498
0
2047
862
-46
-1
-8
178
2047
623
0
-92
0
589
2047
-7
202
663
2047
1617
-31
-19
-12
-3
-32
-76
1032
1560
2047
2047
-26
1041
-87
-96
-83
0
0
808
-34
-50
2047
313
-16
2047
-30
871
-94
1044
2047
0
2047
2047
-10
-41
124
-87
237
-49
0
1681
-14
791
2047
0
1297
2047
418
-95
-97
-6
-20
0
0
-94
-7
-96
1748
2047
0
-48
-11
56
256
