-3
-74
-89
-98
-22
1196
-10
343
-3
2047
507
-16
2047
2047
642
-46
-21
-106
-112
-1
-74
167
-1
-107
-102
-66
-5
668
-19
-12
-6
-5
-113
-6
-1
-97
-17
1182
-113
1459
-12
1588
-63
188
-12
-1
1121
847
-5
-101
-32
-116
-115
-6
-96
1666
1525
-48
-108
571
2047
-92
2047
-1
-7
1014
648
-25
406
-12
-1
-92
-105
-30
-93
-7
26
700
-88
1961
-116
-53
-48
-13
-21
2047
-8
-70
970
447
-9
953
-47
-4
-15
-104
-2
-3
373
-65
-104
-1
-28
-108
1609
-67
2047
-56
2047
-6
2047
-1
-1
-82
-114
2047
-16
-92
-60
-1
1711
-60
731
-13
-34
1351
-2
908
-2
-1
-117
-1
1428
1182
-102
598
-1
328
-1
-101
-9
-18
-116
-1
-22
-45
-53
-24
258
-94
-112
-35
-4
311
-10
-116
1549
-67
537
-1
-14
-115
-8
417
-9
-30
-48
-75
1941
-49
-109
-78
-13
-88
-82
-67
-77
-2
-97
-102
2047
2047
-11
-51
-1
-101
-2
1449
-31
-22
-44
-1
1587
-2
-7
-3
160
-8
-1
2047
694
-111
-2
-99
2047
2047
2047
-1
196
-110
-56
-1
-43
2047
-1
47
-1
-63
-18
-116
32
-4
138
70
-62
-2
-1
-4
-99
2047
1035
-1
-45
1627
-109
1757
-1
-1
-1
-50
-77
-1
-1
542
178
-108
-55
-90
-95
-20
-1
-7
2047
-15
1158
-1
-1
555
-4
-1
-1
487
-1
986
-3
-12
1146
-2
1091
1652
-103
1931
-112
-4
-1
-1
-75
391
1154
-3
-6
-92
-1
1505
-18
-34
-24
-9
-34
-23
986
-4
782
-4
-51
-38
-20
2047
-21
667
2047
-1
22
-1
-99
-63
-37
903
1576
462
-9
-5
-76
322
-82
-49
304
-57
-57
-54
-8
-1
-1
-1
-85
579
2047
1373
-2
-1
-5
-102
-1
-1
-50
-6
-74
-1
1123
-3
278
-9
363
443
-1
371
-35
-30
1209
588
406
-1
-9
-53
-110
-47
1302
193
-13
-34
231
981
-56
-80
-1
-66
-60
-2
-42
-18
-3
-114
1256
2047
750
-4
-1
-104
-21
2047
-37
-2
-91
-37
-39
-2
-8
-8
-114
-1
-115
1753
-48
-100
-1
-1
2047
2047
17
-1
-7
798
-46
-1
-2
894
208
-112
-1
-12
912
-2
-96
-96
-17
1730
-116
-2
-1
-16
-94
1437
399
-1
447
1563
-5
2047
-45
-63
-1
-20
-31
-27
-35
-34
-3
-1
-61
-3
-107
1039
-1
-1
2047
1464
665
-1
-1
-98
-28
-1
-67
-3
-18
-2
-1
-38
-5
-96
208
-112
-9
700
-25
-1
-1
-103
-13
1212
1855
-117
-9
-60
-7
234
-1
-3
-115
-3
-2
-45
-83
-13
-3
-1
-4
-3
-6
525
-2
-1
2047
-109
505
-1
-1
-97
-3
-2
-3
-48
-1
-1
-112
-35
395
-82
237
-17
-82
225
-26
-1
-1
-84
-104
1607
1394
-16
-29
-1
-3
-81
-1
-79
-1
-22
-20
-18
-108
-83
-92
-25
-94
-87
-46
-15
-2
-8
1014
1428
68
-1
61
-114
-39
-3
-1
-85
-1
-104
2047
-109
-16
-26
232
852
-7
-90
-116
-47
-1
156
1534
1132
1735
-3
-101
-72
-90
581
-1
-87
-42
-16
-21
-4
-68
-26
-33
-1
-14
-104
-5
-69
-52
-8
2047
1349
-25
-47
-1
-16
-6
-67
-41
-62
-1
-1
-83
-117
-47
-113
-113
-49
212
227
-2
-2
-9
-116
-2
2047
-88
-74
-1
-107
-14
1207
-58
230
-59
-1
-1
-48
-16
-7
-1
-18
-10
-9
-2
1090
-19
-1
2047
-110
-5
-3
-1
768
-15
-67
-116
1423
-11
-1
1273
-90
757
-73
-33
-92
281
2047
-102
-1
-3
251
-6
2047
681
508
-1
-4
-17
1637
-3
-28
-46
-1
-4
88
-14
-2
-31
-7
-21
-28
-21
1872
-116
-25
2047
1838
-98
-1
-15
1741
-77
-7
-53
213
-117
-1
69
-112
-84
-2
-21
-28
2
1361
-80
-39
-1
-45
-1
2047
430
161
151
-77
-107
2047
-5
1705
-79
-4
-6
-35
-117
-46
377
-28
-99
-116
-61
-115
-45
-109
2047
140
-69
-30
-1
-116
-10
-85
-112
124
-66
-1
1288
-60
1139
-62
-113
314
-60
824
-100
-3
-116
38
1224
2047
-66
357
93
-13
-104
2047
-103
689
-113
-2
