378
-2048
-2048
-569
-18
759
-2048
-1518
-1687
964
1059
-229
-320
-383
-2035
-1084
472
-2048
1207
-1655
-2048
-1554
-224
363
-966
-688
1930
2047
-1469
608
-350
625
1260
1213
690
837
-884
-1999
293
2047
308
181
-30
-1064
1163
1715
625
-282
-1293
1341
-2048
-2048
-2028
2047
-1628
-1458
-2048
136
392
1834
-521
-1719
-2048
-545
816
-2048
-1666
-2048
828
712
-1048
-209
48
-652
1990
2047
-1502
1089
-619
-578
-289
-874
2047
-2048
1179
-30
2047
1710
2047
-1273
-1213
-616
2047
1864
481
1388
-584
2046
-450
-1345
-1216
214
-1987
-2048
-1399
-1753
467
795
-678
-988
-1944
-1201
1673
-1797
-1144
-357
-1125
2047
660
-2048
-406
-2048
-114
2047
1516
-357
-1902
1364
147
1436
2047
-2048
-1054
1312
169
458
2047
-17
-1477
-2048
2047
1245
252
1393
780
-729
-846
-1097
-165
932
-687
-1663
-87
493
164
421
-484
-1669
-2048
-73
242
432
-393
-649
-1402
1230
185
-2048
107
-2048
-2048
1348
-569
77
-2048
1340
1231
386
891
2000
-2048
-1165
-224
2047
-611
779
-1538
-2048
1813
1311
183
-646
-2048
2047
-2048
-1871
574
2047
1340
2047
-2048
975
-917
1686
-193
-2048
1711
-1485
-962
-339
662
-2048
-14
715
-927
268
385
592
-566
66
-2048
-2048
529
-859
-2048
-1243
1962
-1340
1277
-2000
1797
2047
11
-604
580
21
1536
1590
2047
2036
-2048
1579
-2048
-1909
971
555
1954
2047
808
-914
113
676
-922
156
2047
-308
-510
1775
-459
-1816
-298
2047
-2048
1446
1342
1416
-198
-1072
972
799
-2048
-2048
-1741
559
1745
-2048
2047
-98
-1
1389
823
618
-1203
-2048
2047
792
410
2047
333
2047
-2048
-1732
1259
-1533
-645
1094
-2048
595
-271
-454
-373
-818
1626
633
1052
1384
588
-1048
-1437
2047
-1433
701
1278
-2048
1453
-51
1482
702
-1169
-1219
761
569
418
-1721
1024
2007
564
899
524
-297
-599
-733
1852
-291
-142
1146
-294
518
-561
-2048
586
1345
321
-500
1195
1906
274
131
-154
-2048
-2048
1148
-719
136
-604
-1394
-387
1712
-448
-908
-71
-2048
469
-432
1207
-1046
-1093
784
499
-413
850
660
-1233
-2048
289
1379
-624
475
-142
-1277
2016
-306
-235
-1838
-2048
-162
-1337
-601
-1301
-274
135
362
-1498
-158
-1315
-1565
-646
2011
-1342
533
260
2047
-1382
91
235
-382
-2048
-755
1016
-705
-2048
1091
-1239
-2048
1239
-1219
-1141
-1763
-1639
337
262
158
-92
406
-1865
2047
784
828
-1779
-745
1075
770
-2048
92
-2048
-1062
-947
1502
1355
1719
-2048
796
-794
2
-65
2047
-1147
281
117
2047
-617
1432
2047
-1435
-1290
-1691
820
860
-2048
845
607
-1840
1657
196
-805
-1148
-1220
366
291
-1025
963
-658
-1159
68
1640
-1984
-1909
271
-82
1691
-1153
171
-370
-1028
-841
541
-511
624
-2048
2047
-1142
246
-275
697
-161
-149
-155
1612
-625
559
808
-30
-476
-666
491
-24
-1027
1543
1233
-1939
2047
1310
-499
-1052
-574
278
164
-123
-75
58
-684
-840
1379
-898
-1224
-1850
531
464
592
-893
230
-1294
137
-357
1621
-1073
18
531
-917
404
-46
768
-2048
30
105
913
1006
-142
635
-968
-430
-1816
587
407
-66
-243
1258
-278
1332
812
342
5
-1685
800
-601
-1450
-672
282
-631
877
574
-1350
-1449
-697
-62
-1197
1007
-1005
-347
-55
-1813
562
-1466
190
-1127
26
-231
-543
-361
-245
-2048
879
358
427
37
1363
-551
855
-451
-420
602
-2048
-696
1527
-705
-131
167
1186
91
-599
-947
175
-399
-604
-798
-896
890
1604
832
245
75
197
-664
-1109
315
-1177
-212
-250
-1639
1420
-2048
321
196
623
59
-1001
-224
1155
-2048
2047
334
837
-238
1076
1359
1239
99
-920
-57
-2048
687
1632
996
-382
-161
173
680
-492
-721
-521
-882
-774
55
-462
451
1591
1997
-602
-39
824
-1132
-1465
-121
-1894
718
62
-1606
1289
-2048
58
826
1064
338
-424
58
585
-2048
905
356
-421
-1038
-744
101
1549
272
-1371
-125
-2048
260
1844
-756
112
286
808
629
-500
-587
-662
-921
-491
-84
416
608
1430
1691
-530
419
-109
-147
-272
-1214
-2048
337
-479
-402
1462
158
-622
951
-26
359
-136
420
953
-2048
884
857
-707
-442
75
-108
127
-45
-1507
653
-637
331
1837
-1207
511
958
198
-142
-176
-775
-16
-1611
-1848
-137
-752
-192
678
943
-1392
-44
-687
38
135
