-1848
-688
-158
-539
-1155
784
-1404
286
-1842
2047
388
-1272
1452
1353
468
-888
-27
-476
-423
-2048
-688
161
-2048
-222
-199
-740
-1638
483
-1203
-1348
-8
-1637
-262
-1567
-2048
-540
-1251
776
-419
936
-1355
1012
-758
177
-1358
-2048
741
585
-1645
-517
-1029
-376
-392
-1599
-179
1058
975
-876
-465
426
2047
-578
1365
-2048
-1542
680
471
-1106
326
-1361
-2048
-573
-485
-41
-569
-1542
31
501
-153
1235
-374
-78
-871
-1342
-1167
1910
-1473
-716
655
352
-1458
645
-877
-1736
-1282
-491
-1974
-1782
305
-101
-209
-2048
-1066
-460
1024
-737
1772
-807
1655
-1578
1626
-2048
-2048
-137
-279
2047
-1271
-576
-781
-2048
1085
-781
519
-1342
-1005
873
-1978
620
-1871
-2048
-343
-2048
918
776
-199
442
-2048
276
-2048
-512
-1469
-1233
-368
-2048
-1153
-896
-78
-1120
228
-173
-428
-988
-1725
265
-1431
-306
989
-104
406
-2048
-1307
-287
-1497
333
-1466
-1053
-875
-681
1223
-863
-237
-664
-1327
-155
-139
-733
-672
-1930
-543
-511
1345
1609
-1377
-851
-2048
-196
-1942
930
-1032
-1149
-902
-2048
1011
-1905
-1523
-1819
155
-1500
-2048
1418
498
-249
-1887
-527
1493
1906
2047
-2048
183
-241
-807
-2048
-917
1444
-2048
53
-2048
-97
-1218
-308
37
-1743
137
76
-770
-1952
-2048
-1706
-528
1525
692
-2048
-897
1035
-234
1112
-2048
-2048
-2048
-859
-671
-2048
-2048
409
169
-458
-82
-161
-556
-1184
-2048
-1540
1984
-1283
762
-2048
-2048
417
-1737
-2048
-2029
376
-2048
664
-1842
-1363
755
-1999
724
1050
-499
1217
-260
-1738
-2048
-2048
-685
317
760
-1814
-8
-165
-2048
963
-1225
-46
-1120
-1459
-1007
-1147
664
-1672
548
-1745
-851
-963
-1185
1484
-1180
482
2047
-2048
26
-2048
-530
-758
-968
617
1005
361
-1446
-1651
-124
272
-639
-71
260
-803
-801
-822
-1477
-2048
-2048
-2048
-621
431
1388
886
-1988
-2048
-1610
-202
-2047
-2048
-853
-1587
-691
-2048
742
-1804
242
-12
299
349
-2033
304
-994
-1045
791
436
326
-2048
-1451
-830
-444
-884
845
181
-1333
-1006
209
661
-811
-132
-2048
-741
-783
-1933
-926
-1225
-1779
-272
818
1357
530
-1704
-2048
-492
-1170
1583
-974
-1939
-164
-970
-955
-1933
-1505
-1488
-274
-2048
-390
1110
-69
-519
-2048
-2048
2047
2047
20
-2048
-1538
557
-888
-2048
-1890
612
192
-253
-2048
-1353
622
-1990
-549
-178
-1249
1096
-296
-1935
-2048
-1267
-562
923
322
-2048
352
997
-1620
1413
-898
-97
-2048
-1191
-1037
-1080
-994
-1006
-1816
-2028
-772
-1752
-474
694
-2048
-2048
2047
939
481
-2048
-2048
-536
-1076
-2048
-734
-1800
-1227
-1985
-2048
-960
-1633
-549
192
-424
-1457
501
-1110
-2048
-2048
-205
-1332
793
1171
-333
-1450
-783
-1543
211
-2048
-1850
-292
-1759
-1919
-901
-630
-1332
-1755
-2048
-1699
-1834
-1589
399
-1935
-2048
1926
-452
387
-2048
-2048
-543
-1758
-2004
-1809
-869
-2048
-2048
-427
-988
319
-637
213
-1250
-639
205
-1102
-2048
-2048
-627
-491
1023
898
-1271
-1056
-2048
-1765
-646
-2048
-654
-2048
-1162
-1190
-1222
-461
-140
-574
-1116
-559
-151
-885
-1276
-1912
-1491
680
918
74
-2048
67
-400
-956
-1805
-2048
-622
-2048
-496
1547
-450
-1266
-1101
210
588
-1549
-160
-308
-880
-2048
152
980
747
1099
-1832
-514
-114
-589
432
-2048
-152
-923
-1257
-1175
-1694
-730
-1099
-1012
-2048
-1305
-211
-1644
-108
-840
-1498
2047
872
-1112
-879
-2045
-1266
-1574
-735
-936
-94
-2048
-2048
-634
-342
-68
-268
-418
-867
195
206
-1983
-1892
-1452
-299
-1987
1800
-598
-118
-2048
-472
-1301
790
-793
208
-789
-2017
-2048
-875
-1266
-1539
-2048
-1224
-1424
-1445
-1878
723
-1199
-2048
2047
-243
-1653
-1792
-2048
540
-1277
-105
-372
915
-1396
-2048
828
-588
534
-693
-1010
-575
244
1318
-509
-2048
-1749
223
-1605
2047
490
389
-2048
-1738
-1238
1041
-1816
-37
-889
-2048
-1683
93
-1305
-1973
-1038
-1524
-1178
-37
-1172
1181
-311
-1115
2047
1161
-185
-2048
-1283
1103
-126
-1527
-834
196
-320
-2048
75
-254
-142
-1971
-1170
-38
3
879
-651
-952
-2048
-901
-2048
1794
341
156
148
-672
-472
1409
-1626
1081
-658
-1684
-1600
-990
-338
-887
308
-1074
-532
-305
-776
-292
-894
-236
1986
139
-108
-1053
-2048
-308
-1420
-146
-424
125
-741
-2048
837
-779
751
-771
-411
267
-781
572
-519
-1777
-367
44
800
1684
-743
295
98
-1323
-490
1587
-500
495
-267
-1921
