1104
-492
614
-1354
-909
1359
567
-1179
-765
-1039
947
-561
1115
102
994
-1052
-549
-694
89
652
739
151
-153
-482
790
-786
594
-486
-305
813
95
-144
-147
-669
773
-1151
353
1407
-546
846
-406
-491
321
-296
918
835
37
437
1134
-1231
1111
-930
-1001
1626
186
-1752
-1066
-1734
949
-982
1199
522
1071
-1073
-1062
-1122
57
988
525
150
-102
-1134
967
-1314
1074
-1026
-526
926
178
-286
361
-495
715
-779
60
1736
-241
1067
-279
-451
490
-491
666
1304
201
658
815
-435
576
123
-1771
983
657
-1089
-940
-1830
1673
-65
900
571
949
-898
-1229
-1232
465
394
830
10
-70
92
562
-1905
717
-690
-268
306
172
-53
322
28
340
-701
131
1122
2
1132
-930
-66
120
-212
926
575
-11
-62
577
-280
853
173
-981
945
63
-1048
-944
-525
1400
-395
665
282
1031
-1338
-445
-149
244
976
572
-63
-44
20
445
-1049
305
-387
-265
596
-371
-130
-105
9
670
-181
233
1241
-88
1560
-27
-132
452
113
531
1056
-30
420
1350
-487
911
-1192
-120
1737
-33
-1740
-887
-1513
617
-756
1224
123
964
-831
-1338
-826
63
1028
690
112
42
-853
1260
-728
882
-1331
-371
317
-280
-513
-30
-133
1241
-884
694
1249
-623
959
-462
-259
214
-765
769
1311
80
891
1204
-652
1313
-470
-1071
1131
208
-1944
-1266
-1386
1045
-653
1444
-122
476
-627
-1569
-650
96
1068
683
-583
-18
-1043
1435
-1076
1227
-1315
-184
666
-494
69
-58
-1483
1494
-1725
195
1420
-730
1315
-1177
-813
624
-519
1188
1172
344
470
1220
342
1087
-408
-1153
353
421
-1327
-1193
-1416
1298
-159
1351
293
540
-1482
-1092
-859
370
593
964
-283
191
129
1327
-1434
2
-728
-448
1073
-92
770
-29
-847
1349
-1508
164
987
70
1023
-849
230
387
39
303
424
-141
308
1159
-100
1170
-275
-836
1316
162
-1135
-1082
-364
1124
-641
993
411
553
-1693
-327
-86
248
720
707
113
-8
-349
570
-982
75
-564
-428
773
-504
-151
-327
-615
664
-689
144
1120
-462
1352
-122
-526
500
-110
304
1109
-26
596
1280
-431
622
-944
-1095
924
266
-1791
-1107
-848
577
-684
856
-335
707
-938
-942
-402
-6
1173
487
3
-50
-599
1083
-852
411
-1084
40
487
-215
-269
-24
-1020
1191
-1249
373
1273
-521
1210
-385
-503
340
-644
813
971
197
856
1293
-423
962
-916
-895
977
261
-1644
-915
-1543
529
-743
965
-229
942
-1348
-1075
-494
147
459
965
57
-232
-189
1312
-1114
666
-729
-392
729
-307
232
-135
-1173
1085
-1141
107
1394
-99
836
-372
-726
452
-563
1221
1205
147
1041
1030
-71
1152
-752
-729
801
460
-1647
-951
-671
192
-330
801
-75
488
-1131
-688
-698
368
574
764
-58
-185
-796
1354
-1141
412
-869
-195
603
-131
490
-97
-434
872
-962
204
1452
-35
1284
-544
-282
489
-371
762
1090
10
883
946
-160
1022
-1000
-1077
1482
252
-971
-954
-703
927
-576
659
-42
790
-1303
-807
-185
72
546
613
-126
-374
-198
954
-932
620
-739
-468
872
-601
48
460
-479
1041
-503
-185
526
-262
961
-268
-338
319
-137
445
913
124
442
724
-170
678
-733
-552
1242
391
-1346
-1023
-891
299
-464
871
67
610
-956
-672
-209
310
585
572
26
-46
-483
413
-613
149
-789
-171
252
-407
-247
-259
-764
742
-784
40
989
-235
1094
-422
-398
319
-495
664
910
189
551
1173
32
654
-883
-1882
546
406
-1584
-1177
-1137
362
-897
831
-224
665
-1457
-1197
-345
284
802
679
-239
-26
-190
1129
-941
506
-629
66
439
13
269
249
-599
1298
-1056
250
1408
-555
1477
13
-511
490
-448
702
503
-16
737
1472
-778
774
-644
-1265
512
841
-1925
-1107
-949
774
-852
1111
-40
445
-714
-1131
-375
333
693
601
125
-85
-778
793
-915
-15
-764
-99
743
-83
-94
-119
-828
1090
-1493
2
1317
-108
258
-528
-627
577
-773
1232
994
275
719
1150
-298
406
-447
-1815
561
226
-1424
-964
-628
575
-764
572
-241
659
-1047
-893
-459
553
905
717
-242
-68
-332
892
-807
302
-879
-431
915
296
40
89
-399
861
-877
169
1250
-732
1075
-350
-532
436
-299
1037
977
267
443
