2036
-1769
1897
-2044
-2015
2044
1857
-2039
-1979
-2031
2021
-1851
2036
543
2027
-2032
-1838
-1948
476
1924
1969
781
-791
-1755
1987
-1986
1881
-1761
-1373
1994
507
-749
-763
-1934
1981
-2038
1505
2045
-1835
2002
-1625
-1768
1420
-1346
2016
2000
201
1683
2037
-2041
2036
-2018
-2027
2046
938
-2047
-2033
-2047
2021
-2025
2040
1808
2033
-2034
-2033
-2037
308
2026
1811
777
-543
-2037
2023
-2043
2034
-2030
-1813
2018
904
-1314
1525
-1773
1958
-1983
324
2047
-1159
2033
-1292
-1707
1767
-1768
1932
2043
1002
1928
1994
-1680
1865
647
-2047
2025
1927
-2035
-2020
-2047
2047
-351
2013
1860
2021
-2013
-2041
-2041
1730
1600
1998
54
-377
492
1852
-2047
1959
-1946
-1255
1376
877
-287
1423
152
1472
-1951
686
2037
11
2037
-2018
-356
633
-1047
2018
1864
-60
-335
1866
-1295
2004
882
-2025
2021
340
-2032
-2020
-1811
2045
-1602
1932
1301
2030
-2044
-1697
-772
1170
2025
1861
-340
-239
109
1697
-2032
1373
-1585
-1245
1883
-1549
-682
-558
49
1935
-917
1129
2042
-471
2046
-147
-691
1709
598
1818
2032
-163
1652
2044
-1762
2015
-2040
-633
2047
-179
-2047
-2011
-2046
1899
-1975
2041
647
2023
-1999
-2044
-1997
340
2030
1946
593
228
-2004
2042
-1964
2010
-2044
-1549
1408
-1295
-1797
-163
-696
2042
-2010
1948
2042
-1904
2022
-1725
-1224
1055
-1979
1980
2043
430
2012
2040
-1924
2043
-1737
-2033
2037
1031
-2047
-2042
-2045
2031
-1924
2045
-643
1746
-1907
-2046
-1923
512
2033
1942
-1871
-98
-2031
2045
-2034
2041
-2043
-930
1932
-1772
372
-314
-2046
2046
-2047
977
2045
-1965
2043
-2039
-1994
1905
-1804
2040
2039
1482
1737
2041
1477
2035
-1629
-2038
1505
1654
-2044
-2040
-2045
2043
-818
2044
1336
1829
-2046
-2035
-2005
1546
1880
2023
-1305
960
677
2044
-2045
11
-1964
-1702
2034
-492
1980
-158
-2003
2044
-2046
841
2026
377
2030
-2003
1117
1585
212
1367
1660
-734
1382
2039
-533
2039
-1278
-2000
2043
832
-2037
-2034
-1532
2037
-1917
2027
1635
1843
-2047
-1437
-461
1184
1960
1954
598
-44
-1495
1859
-2025
403
-1854
-1667
1981
-1785
-781
-1437
-1898
1931
-1945
749
2037
-1725
2044
-643
-1813
1780
-583
1370
2036
-142
1883
2043
-1672
1903
-2020
-2035
2017
1248
-2047
-2036
-2003
1866
-1943
2005
-1458
1954
-2020
-2020
-1616
-33
2039
1762
16
-271
-1885
2034
-2004
1635
-2034
217
1762
-1059
-1258
-131
-2029
2040
-2042
1553
2042
-1807
2041
-1580
-1784
1472
-1919
1994
2024
985
2005
2043
-1658
2023
-2016
-2013
2025
1231
-2046
-2016
-2046
1816
-1970
2023
-1114
2020
-2044
-2034
-1772
763
1720
2023
308
-1125
-951
2043
-2036
1932
-1964
-1595
1964
-1379
1125
-706
-2039
2034
-2038
568
2045
-527
2000
-1551
-1963
1709
-1853
2041
2040
763
2031
2030
-382
2038
-1974
-1964
1990
1722
-2046
-2021
-1935
964
-1445
1990
-403
1764
-2037
-1945
-1950
1542
1863
1978
-314
-934
-1989
2044
-2038
1637
-2007
-977
1888
-686
1767
-517
-1678
2008
-2023
1014
2045
-190
2043
-1833
-1301
1765
-1549
1978
2035
54
2010
2021
-823
2029
-2027
-2034
2046
1199
-2024
-2022
-1952
2018
-1865
1928
-228
1987
-2043
-1992
-934
388
1835
1896
-662
-1556
-989
2022
-2019
1902
-1969
-1734
2008
-1887
260
1722
-1751
2031
-1784
-934
1813
-1234
2023
-1255
-1466
1414
-715
1697
2016
652
1692
1962
-868
1939
-1966
-1841
2042
1593
-2044
-2030
-2012
1355
-1728
2008
361
1894
-2022
-1936
-1035
1388
1873
1861
142
-250
-1757
1639
-1896
772
-1987
-873
1199
-1627
-1181
-1224
-1978
1970
-1985
217
2026
-1136
2035
-1656
-1608
1414
-1773
1931
2015
951
1840
2039
174
1925
-2010
-2047
1835
1625
-2046
-2039
-2037
1527
-2013
1999
-1094
1932
-2045
-2040
-1485
1308
1991
1940
-1151
-142
-956
2037
-2020
1788
-1908
356
1687
71
1258
1188
-1885
2043
-2032
1192
2045
-1845
2046
71
-1794
1767
-1702
1952
1784
-87
1968
2045
-1983
1982
-1919
-2042
1796
2001
-2047
-2036
-2021
1982
-2004
2036
-217
1697
-1958
-2037
-1558
1453
1947
1887
657
-456
-1983
1988
-2016
-82
-1978
-527
1970
-445
-502
-628
-1998
2035
-2046
11
2043
-573
1220
-1815
-1907
1866
-1981
2041
2027
1278
1960
2038
-1352
1625
-1700
-2047
1851
1102
-2045
-2023
-1908
1864
-1978
1861
-1159
1928
-2032
-2012
-1720
1843
2014
1959
-1163
-367
-1450
2012
-1992
1364
-2009
-1672
2016
1346
217
476
-1610
2006
-2009
864
2042
-1966
2034
-1497
-1820
1681
-1355
2031
2025
1251
1694
